z = (1, 2, 3, 4, 5, 6)
Yes.
x = null
y = (1, 2, 3, 4)

x = (1)
y = (2, 3, 4)

x = (1, 2)
y = (3, 4)

x = (1, 2, 3)
y = (4)

x = (1, 2, 3, 4)
y = null

No.
solved
state = ((3, 3), (2, 2), (3, 2), (2, 1), (3, 1), (2, 0), (3, 0), (1, 0), (1, 1), (0, 1), (0, 2), (0, 0))
boat = ((1, 1), (1, 0), (1, 1), (1, 0), (1, 1), (1, 0), (2, 0), (0, 1), (1, 0), (0, 1), (0, 2))

solved
state = ((3, 3), (2, 2), (3, 2), (2, 1), (3, 1), (2, 0), (3, 0), (1, 0), (1, 1), (0, 0))
boat = ((1, 1), (1, 0), (1, 1), (1, 0), (1, 1), (1, 0), (2, 0), (0, 1), (1, 1))

solved
state = ((3, 3), (2, 2), (3, 2), (3, 0), (3, 1), (2, 0), (2, 1), (1, 0), (1, 1), (0, 1), (0, 2), (0, 0))
boat = ((1, 1), (1, 0), (0, 2), (0, 1), (1, 1), (0, 1), (1, 1), (0, 1), (1, 0), (0, 1), (0, 2))

solved
state = ((3, 3), (2, 2), (3, 2), (3, 0), (3, 1), (2, 0), (2, 1), (1, 0), (1, 1), (0, 0))
boat = ((1, 1), (1, 0), (0, 2), (0, 1), (1, 1), (0, 1), (1, 1), (0, 1), (1, 1))

solved
state = ((3, 3), (2, 2), (3, 2), (3, 0), (3, 1), (2, 0), (2, 1), (0, 1), (0, 2), (0, 0))
boat = ((1, 1), (1, 0), (0, 2), (0, 1), (1, 1), (0, 1), (2, 0), (0, 1), (0, 2))

solved
state = ((3, 3), (2, 2), (3, 2), (3, 0), (3, 1), (2, 0), (2, 1), (0, 1), (1, 1), (0, 0))
boat = ((1, 1), (1, 0), (0, 2), (0, 1), (1, 1), (0, 1), (2, 0), (1, 0), (1, 1))

solved
state = ((3, 3), (2, 2), (3, 2), (3, 0), (3, 1), (1, 1), (2, 1), (1, 0), (2, 0), (0, 0))
boat = ((1, 1), (1, 0), (0, 2), (0, 1), (2, 0), (1, 0), (1, 1), (1, 0), (2, 0))

solved
state = ((3, 3), (2, 2), (3, 2), (3, 0), (3, 1), (1, 1), (2, 1), (0, 1), (0, 2), (0, 0))
boat = ((1, 1), (1, 0), (0, 2), (0, 1), (2, 0), (1, 0), (2, 0), (0, 1), (0, 2))

solved
state = ((3, 3), (3, 1), (3, 2), (2, 1), (2, 2), (2, 0), (3, 0), (1, 0), (1, 1), (0, 1), (0, 2), (0, 0))
boat = ((0, 2), (0, 1), (1, 1), (0, 1), (0, 2), (1, 0), (2, 0), (0, 1), (1, 0), (0, 1), (0, 2))

solved
state = ((3, 3), (3, 1), (3, 2), (2, 1), (2, 2), (2, 0), (3, 0), (1, 0), (1, 1), (0, 0))
boat = ((0, 2), (0, 1), (1, 1), (0, 1), (0, 2), (1, 0), (2, 0), (0, 1), (1, 1))

solved
state = ((3, 3), (3, 1), (3, 2), (2, 1), (2, 2), (0, 2), (0, 3), (0, 1), (1, 1), (1, 0), (2, 0), (0, 0))
boat = ((0, 2), (0, 1), (1, 1), (0, 1), (2, 0), (0, 1), (0, 2), (1, 0), (0, 1), (1, 0), (2, 0))

solved
state = ((3, 3), (3, 1), (3, 2), (2, 1), (2, 2), (0, 2), (0, 3), (0, 1), (1, 1), (0, 0))
boat = ((0, 2), (0, 1), (1, 1), (0, 1), (2, 0), (0, 1), (0, 2), (1, 0), (1, 1))

No.
a to b
a to c
b to c
a to b
c to a
c to b
a to b
Yes.
solution = (4, 2, 7, 3, 6, 8, 5, 1)
solution = (5, 2, 4, 7, 3, 8, 6, 1)
solution = (3, 5, 2, 8, 6, 4, 7, 1)
solution = (3, 6, 4, 2, 8, 5, 7, 1)
solution = (5, 7, 1, 3, 8, 6, 4, 2)
solution = (4, 6, 8, 3, 1, 7, 5, 2)
solution = (3, 6, 8, 1, 4, 7, 5, 2)
solution = (5, 3, 8, 4, 7, 1, 6, 2)
solution = (5, 7, 4, 1, 3, 8, 6, 2)
solution = (4, 1, 5, 8, 6, 3, 7, 2)
solution = (3, 6, 4, 1, 8, 5, 7, 2)
solution = (4, 7, 5, 3, 1, 6, 8, 2)
solution = (6, 4, 2, 8, 5, 7, 1, 3)
solution = (6, 4, 7, 1, 8, 2, 5, 3)
solution = (1, 7, 4, 6, 8, 2, 5, 3)
solution = (6, 8, 2, 4, 1, 7, 5, 3)
solution = (6, 2, 7, 1, 4, 8, 5, 3)
solution = (4, 7, 1, 8, 5, 2, 6, 3)
solution = (5, 8, 4, 1, 7, 2, 6, 3)
solution = (4, 8, 1, 5, 7, 2, 6, 3)
solution = (2, 7, 5, 8, 1, 4, 6, 3)
solution = (1, 7, 5, 8, 2, 4, 6, 3)
solution = (2, 5, 7, 4, 1, 8, 6, 3)
solution = (4, 2, 7, 5, 1, 8, 6, 3)
solution = (5, 7, 1, 4, 2, 8, 6, 3)
solution = (6, 4, 1, 5, 8, 2, 7, 3)
solution = (5, 1, 4, 6, 8, 2, 7, 3)
solution = (5, 2, 6, 1, 7, 4, 8, 3)
solution = (6, 3, 7, 2, 8, 5, 1, 4)
solution = (2, 7, 3, 6, 8, 5, 1, 4)
solution = (7, 3, 1, 6, 8, 5, 2, 4)
solution = (5, 1, 8, 6, 3, 7, 2, 4)
solution = (1, 5, 8, 6, 3, 7, 2, 4)
solution = (3, 6, 8, 1, 5, 7, 2, 4)
solution = (6, 3, 1, 7, 5, 8, 2, 4)
solution = (7, 5, 3, 1, 6, 8, 2, 4)
solution = (7, 3, 8, 2, 5, 1, 6, 4)
solution = (5, 3, 1, 7, 2, 8, 6, 4)
solution = (2, 5, 7, 1, 3, 8, 6, 4)
solution = (3, 6, 2, 5, 8, 1, 7, 4)
solution = (6, 1, 5, 2, 8, 3, 7, 4)
solution = (8, 3, 1, 6, 2, 5, 7, 4)
solution = (2, 8, 6, 1, 3, 5, 7, 4)
solution = (5, 7, 2, 6, 3, 1, 8, 4)
solution = (3, 6, 2, 7, 5, 1, 8, 4)
solution = (6, 2, 7, 1, 3, 5, 8, 4)
solution = (3, 7, 2, 8, 6, 4, 1, 5)
solution = (6, 3, 7, 2, 4, 8, 1, 5)
solution = (4, 2, 7, 3, 6, 8, 1, 5)
solution = (7, 1, 3, 8, 6, 4, 2, 5)
solution = (1, 6, 8, 3, 7, 4, 2, 5)
solution = (3, 8, 4, 7, 1, 6, 2, 5)
solution = (6, 3, 7, 4, 1, 8, 2, 5)
solution = (7, 4, 2, 8, 6, 1, 3, 5)
solution = (4, 6, 8, 2, 7, 1, 3, 5)
solution = (2, 6, 1, 7, 4, 8, 3, 5)
solution = (2, 4, 6, 8, 3, 1, 7, 5)
solution = (3, 6, 8, 2, 4, 1, 7, 5)
solution = (6, 3, 1, 8, 4, 2, 7, 5)
solution = (8, 4, 1, 3, 6, 2, 7, 5)
solution = (4, 8, 1, 3, 6, 2, 7, 5)
solution = (2, 6, 8, 3, 1, 4, 7, 5)
solution = (7, 2, 6, 3, 1, 4, 8, 5)
solution = (3, 6, 2, 7, 1, 4, 8, 5)
solution = (4, 7, 3, 8, 2, 5, 1, 6)
solution = (4, 8, 5, 3, 1, 7, 2, 6)
solution = (3, 5, 8, 4, 1, 7, 2, 6)
solution = (4, 2, 8, 5, 7, 1, 3, 6)
solution = (5, 7, 2, 4, 8, 1, 3, 6)
solution = (7, 4, 2, 5, 8, 1, 3, 6)
solution = (8, 2, 4, 1, 7, 5, 3, 6)
solution = (7, 2, 4, 1, 8, 5, 3, 6)
solution = (5, 1, 8, 4, 2, 7, 3, 6)
solution = (4, 1, 5, 8, 2, 7, 3, 6)
solution = (5, 2, 8, 1, 4, 7, 3, 6)
solution = (3, 7, 2, 8, 5, 1, 4, 6)
solution = (3, 1, 7, 5, 8, 2, 4, 6)
solution = (8, 2, 5, 3, 1, 7, 4, 6)
solution = (3, 5, 2, 8, 1, 7, 4, 6)
solution = (3, 5, 7, 1, 4, 2, 8, 6)
solution = (5, 2, 4, 6, 8, 3, 1, 7)
solution = (6, 3, 5, 8, 1, 4, 2, 7)
solution = (5, 8, 4, 1, 3, 6, 2, 7)
solution = (4, 2, 5, 8, 6, 1, 3, 7)
solution = (4, 6, 1, 5, 2, 8, 3, 7)
solution = (6, 3, 1, 8, 5, 2, 4, 7)
solution = (5, 3, 1, 6, 8, 2, 4, 7)
solution = (4, 2, 8, 6, 1, 3, 5, 7)
solution = (6, 3, 5, 7, 1, 4, 2, 8)
solution = (6, 4, 7, 1, 3, 5, 2, 8)
solution = (4, 7, 5, 2, 6, 1, 3, 8)
solution = (5, 7, 2, 6, 3, 1, 4, 8)
No.
