4208
0 0 0 0 0 0 *
1 1 3 0 18 1 方中
2 1 3 0 18 2 方中
3 1 3 0 18 3 方中
4 1 3 0 18 4 方中
5 1 3 0 18 5 方中
6 1 3 0 18 6 方中
7 1 3 0 18 7 方中
8 1 3 0 18 8 方中
9 1 3 0 18 9 方中
10 1 3 0 18 10 方中
11 1 3 0 18 11 方中
12 1 3 0 18 12 方中
12 1 3 0 18 13 方中
5 1 3 0 18 14 方中
9 1 3 0 18 15 方中
13 1 3 0 18 16 方中
14 1 3 0 18 17 方中
15 1 3 0 18 18 方中
16 1 3 0 18 19 方中
3 1 3 0 18 20 方中
1 1 3 0 18 1 恌中
2 1 3 0 18 2 恌中
3 1 3 0 18 3 恌中
4 1 3 0 18 4 恌中
5 1 3 0 18 5 恌中
6 1 3 0 18 6 恌中
7 1 3 0 18 7 恌中
8 1 3 0 18 8 恌中
9 1 3 0 18 9 恌中
10 1 3 0 18 10 恌中
11 1 3 0 18 11 恌中
12 1 3 0 18 12 恌中
12 1 3 0 18 13 恌中
5 1 3 0 18 14 恌中
9 1 3 0 18 15 恌中
13 1 3 0 18 16 恌中
14 1 3 0 18 17 恌中
15 1 3 0 18 18 恌中
16 1 3 0 18 19 恌中
3 1 3 0 18 20 恌中
1 2 3 0 18 1 卅中
2 2 3 0 18 2 卅中
3 2 3 0 18 3 卅中
4 2 3 0 18 4 卅中
5 2 3 0 18 5 卅中
6 2 3 0 18 6 卅中
7 2 3 0 18 7 卅中
8 2 3 0 18 8 卅中
9 2 3 0 18 9 卅中
10 2 3 0 18 10 卅中
11 2 3 0 18 11 卅中
12 2 3 0 18 12 卅中
12 2 3 0 18 13 卅中
5 2 3 0 18 14 卅中
9 2 3 0 18 15 卅中
13 2 3 0 18 16 卅中
14 2 3 0 18 17 卅中
15 2 3 0 18 18 卅中
16 2 3 0 18 19 卅中
3 2 3 0 18 20 卅中
17 3 2 0 10 1 丐月
18 3 2 0 10 2 丐月
19 4 2 0 10 3 丐月
20 3 2 0 10 4 丐月
21 3 2 0 10 5 丐月
5 3 2 0 10 6 丐月
22 5 2 0 10 7 丐月
23 3 2 0 10 8 丐月
8 3 2 0 10 9 丐月
9 3 2 0 10 10 丐月
24 3 2 0 10 11 丐月
11 3 2 0 10 12 丐月
25 3 2 0 10 13 丐月
5 3 2 0 10 14 丐月
26 6 6 8 0 0 仇午
1 2 3 0 18 1 卅中
2 2 3 0 18 2 卅中
3 2 3 0 18 3 卅中
4 2 3 0 18 4 卅中
5 2 3 0 18 5 卅中
6 2 3 0 18 6 卅中
7 2 3 0 18 7 卅中
8 2 3 0 18 8 卅中
9 2 3 0 18 9 卅中
10 2 3 0 18 10 卅中
11 2 3 0 18 11 卅中
12 2 3 0 18 12 卅中
12 2 3 0 18 13 卅中
5 2 3 0 18 14 卅中
9 2 3 0 18 15 卅中
13 2 3 0 18 16 卅中
14 2 3 0 18 17 卅中
15 2 3 0 18 18 卅中
16 2 3 0 18 19 卅中
3 2 3 0 18 20 卅中
27 7 14 2 0 0 蠢
27 7 14 2 0 0 幻升
27 7 14 2 0 0 棉
27 7 14 2 0 0 蟆
27 8 14 2 0 0 詨
27 7 14 2 0 0 蠢蘸
27 7 14 2 0 0 滯
27 7 14 2 0 0 仇欠
27 7 14 2 0 0 仍欠
27 7 14 2 0 0 內勾
27 7 14 2 0 0 丐凶曰
27 7 14 2 0 0 癲凶曰
27 7 14 2 0 0 癲曰
27 7 14 2 0 0 彶曰
27 8 14 2 0 0 騷曰
27 8 14 2 0 0 升云曰
27 7 14 2 0 0 曉
27 8 14 2 0 0 醱
27 7 14 2 0 0 票
27 7 14 2 0 0 動曉
27 7 14 2 0 0 動票
27 7 14 2 0 0 怳坢
27 7 14 2 0 0 嗤仁
27 7 14 2 0 0 切井仁
27 9 14 2 0 0 動陸
27 10 14 2 0 0 憤蟲
27 7 14 2 0 0 公及職
17 11 2 0 16 1 允月
18 11 2 0 16 2 允月
28 12 2 0 16 3 允月
20 11 2 0 16 4 允月
29 11 2 0 16 5 允月
5 11 2 0 16 6 允月
30 13 2 0 16 7 允月
23 11 2 0 16 8 允月
8 11 2 0 16 9 允月
9 11 2 0 16 10 允月
24 11 2 0 16 11 允月
11 11 2 0 16 12 允月
25 11 2 0 16 13 允月
5 11 2 0 16 14 允月
31 11 2 0 16 15 允月
32 11 2 0 16 16 允月
29 11 2 0 16 17 允月
33 14 9 2 0 0 反
34 15 9 2 0 0 卅升
35 16 9 2 0 0 卅氏化
36 17 9 3 0 0 及
37 18 9 1 0 0 午
37 19 9 1 0 0 勻午
38 20 9 3 0 0 互
39 21 10 0 0 0 仄井手
40 22 9 3 0 0 午
41 23 9 3 0 0 支
42 24 9 3 0 0 云方太
42 24 9 3 0 0 菴太
43 24 9 3 0 0 卅日太卞
44 25 9 3 0 0 手
45 25 9 3 0 0 支日
45 25 9 3 0 0 分及
46 26 9 3 0 0 卞
47 27 9 3 0 0 井
42 28 9 3 0 0 井手
48 29 9 3 0 0 卅曰
49 30 9 3 0 0 引凶反
49 30 9 3 0 0 坭反
42 30 9 3 0 0 引凶
42 30 9 3 0 0 坭
42 30 9 3 0 0 井勾
42 30 9 3 0 0 井勾引凶
42 30 9 3 0 0 手仄仁反
42 30 9 3 0 0 潦仄仁反
42 30 9 3 0 0 丐月中反
42 30 9 3 0 0 倏中反
42 31 9 3 0 0 卅中仄
42 32 9 3 0 0 卅中仄反
50 30 9 3 0 0 公仄化
42 30 9 3 0 0 公木午手
51 33 9 3 0 0 卅互日
52 34 9 4 0 0 今
52 34 9 4 0 0 今丐
53 35 9 4 0 0 井
54 36 9 4 0 0 井仄日
52 37 9 4 0 0 友
52 37 9 4 0 0 生
52 37 9 4 0 0 友尹
52 37 9 4 0 0 友之
54 38 9 4 0 0 方
54 38 9 4 0 0 亥
54 38 9 4 0 0 支欠
52 39 9 4 0 0 卅丐
52 39 9 4 0 0 卅丑
55 40 9 4 0 0 井中
17 41 5 0 19 1 日仄中
2 41 5 0 19 2 日仄中
3 41 5 0 19 3 日仄中
4 41 5 0 19 4 日仄中
5 41 5 0 19 5 日仄中
6 41 5 0 19 6 日仄中
7 41 5 0 19 7 日仄中
8 41 5 0 19 8 日仄中
9 41 5 0 19 9 日仄中
56 41 5 0 19 10 日仄中
11 41 5 0 19 11 日仄中
12 41 5 0 19 12 日仄中
12 41 5 0 19 13 日仄中
5 41 5 0 19 14 日仄中
9 41 5 0 19 15 日仄中
17 41 5 0 19 16 日仄中
14 41 5 0 19 17 日仄中
15 41 5 0 19 18 日仄中
16 41 5 0 19 19 日仄中
3 41 5 0 19 20 日仄中
57 41 5 0 21 1 心凶中分
58 41 5 0 21 2 心凶中分
3 41 5 0 21 3 心凶中分
59 41 5 0 21 4 心凶中分
60 41 5 0 21 5 心凶中分
5 41 5 0 21 6 心凶中分
61 41 5 0 21 7 心凶中分
62 41 5 0 21 8 心凶中分
60 41 5 0 21 9 心凶中分
9 41 5 0 21 10 心凶中分
63 41 5 0 21 11 心凶中分
64 41 5 0 21 12 心凶中分
65 41 5 0 21 13 心凶中分
16 41 5 0 21 14 心凶中分
5 41 5 0 21 15 心凶中分
66 41 5 0 21 16 心凶中分
29 41 5 0 21 17 心凶中分
60 41 5 0 21 18 心凶中分
5 41 5 0 21 19 心凶中分
67 41 5 0 21 20 心凶中分
68 41 5 0 21 21 心凶中分
60 41 5 0 21 22 心凶中分
9 41 5 0 21 23 心凶中分
69 41 5 0 21 24 心凶中分
64 41 5 0 21 25 心凶中分
70 41 5 0 21 26 心凶中分
60 41 5 0 21 27 心凶中分
71 41 5 0 21 28 心凶中分
72 41 5 0 21 29 心凶中分
60 41 5 0 21 30 心凶中分
9 41 5 0 21 31 心凶中分
73 41 5 0 21 32 心凶中分
74 41 5 0 21 33 心凶中分
75 42 999 0 0 0 ＝＞
76 43 6 9 0 0 凶戶
76 43 6 9 0 0 丐引曰
76 43 6 9 0 0 斗尹
76 43 6 9 0 0 裕
77 44 6 8 0 0 及
77 44 6 8 0 0 反內
77 44 6 8 0 0 歹仃
78 7 14 2 0 0 祭
79 45 14 3 0 0 у
79 45 14 3 0 0 爵
79 46 14 3 0 0 鴃
79 45 14 3 0 0 л
79 45 14 3 0 0 ⑨
78 7 14 2 0 0 ェ曰
78 7 14 2 0 0 丐仃
17 11 2 0 16 1 允月
18 11 2 0 16 2 允月
28 12 2 0 16 3 允月
20 11 2 0 16 4 允月
29 11 2 0 16 5 允月
5 11 2 0 16 6 允月
30 13 2 0 16 7 允月
23 11 2 0 16 8 允月
8 11 2 0 16 9 允月
9 11 2 0 16 10 允月
24 11 2 0 16 11 允月
11 11 2 0 16 12 允月
25 11 2 0 16 13 允月
5 11 2 0 16 14 允月
31 11 2 0 16 15 允月
32 11 2 0 16 16 允月
29 11 2 0 16 17 允月
17 11 2 0 1 1 匹五月
18 11 2 0 1 2 匹五月
80 12 2 0 1 3 匹五月
20 11 2 0 1 4 匹五月
3 11 2 0 1 5 匹五月
5 11 2 0 1 6 匹五月
81 13 2 0 1 7 匹五月
23 11 2 0 1 8 匹五月
8 11 2 0 1 9 匹五月
9 11 2 0 1 10 匹五月
24 11 2 0 1 11 匹五月
11 11 2 0 1 12 匹五月
25 11 2 0 1 13 匹五月
5 11 2 0 1 14 匹五月
3 11 2 0 1 15 匹五月
17 11 2 0 1 1 請侳月
18 11 2 0 1 2 請侳月
80 12 2 0 1 3 請侳月
20 11 2 0 1 4 請侳月
3 11 2 0 1 5 請侳月
5 11 2 0 1 6 請侳月
81 13 2 0 1 7 請侳月
23 11 2 0 1 8 請侳月
8 11 2 0 1 9 請侳月
9 11 2 0 1 10 請侳月
24 11 2 0 1 11 請侳月
11 11 2 0 1 12 請侳月
25 11 2 0 1 13 請侳月
5 11 2 0 1 14 請侳月
3 11 2 0 1 15 請侳月
17 11 2 0 5 1 中凶允
18 11 2 0 5 2 中凶允
19 12 2 0 5 3 中凶允
20 11 2 0 5 4 中凶允
21 11 2 0 5 5 中凶允
5 11 2 0 5 6 中凶允
22 13 2 0 5 7 中凶允
23 11 2 0 5 8 中凶允
8 11 2 0 5 9 中凶允
9 11 2 0 5 10 中凶允
24 11 2 0 5 11 中凶允
11 11 2 0 5 12 中凶允
25 11 2 0 5 13 中凶允
5 11 2 0 5 14 中凶允
17 11 2 0 5 1 譙允
18 11 2 0 5 2 譙允
19 12 2 0 5 3 譙允
20 11 2 0 5 4 譙允
21 11 2 0 5 5 譙允
5 11 2 0 5 6 譙允
22 13 2 0 5 7 譙允
23 11 2 0 5 8 譙允
8 11 2 0 5 9 譙允
9 11 2 0 5 10 譙允
24 11 2 0 5 11 譙允
11 11 2 0 5 12 譙允
25 11 2 0 5 13 譙允
5 11 2 0 5 14 譙允
82 47 3 0 21 1 第Х分
58 48 3 0 21 2 第Х分
3 48 3 0 21 3 第Х分
59 48 3 0 21 4 第Х分
60 48 3 0 21 5 第Х分
5 48 3 0 21 6 第Х分
61 48 3 0 21 7 第Х分
62 48 3 0 21 8 第Х分
60 48 3 0 21 9 第Х分
9 48 3 0 21 10 第Х分
63 48 3 0 21 11 第Х分
64 48 3 0 21 12 第Х分
65 48 3 0 21 13 第Х分
16 48 3 0 21 14 第Х分
5 48 3 0 21 15 第Х分
66 48 3 0 21 16 第Х分
29 48 3 0 21 17 第Х分
60 48 3 0 21 18 第Х分
5 48 3 0 21 19 第Х分
67 48 3 0 21 20 第Х分
68 48 3 0 21 21 第Х分
60 48 3 0 21 22 第Х分
9 48 3 0 21 23 第Х分
69 48 3 0 21 24 第Х分
64 48 3 0 21 25 第Х分
70 48 3 0 21 26 第Х分
60 48 3 0 21 27 第Х分
71 48 3 0 21 28 第Х分
72 48 3 0 21 29 第Х分
60 48 3 0 21 30 第Х分
9 48 3 0 21 31 第Х分
73 48 3 0 21 32 第Х分
74 48 3 0 21 33 第Х分
82 47 3 0 21 1 尕第Х分
58 48 3 0 21 2 尕第Х分
3 48 3 0 21 3 尕第Х分
59 48 3 0 21 4 尕第Х分
60 48 3 0 21 5 尕第Х分
5 48 3 0 21 6 尕第Х分
61 48 3 0 21 7 尕第Х分
62 48 3 0 21 8 尕第Х分
60 48 3 0 21 9 尕第Х分
9 48 3 0 21 10 尕第Х分
63 48 3 0 21 11 尕第Х分
64 48 3 0 21 12 尕第Х分
65 48 3 0 21 13 尕第Х分
16 48 3 0 21 14 尕第Х分
5 48 3 0 21 15 尕第Х分
66 48 3 0 21 16 尕第Х分
29 48 3 0 21 17 尕第Х分
60 48 3 0 21 18 尕第Х分
5 48 3 0 21 19 尕第Х分
67 48 3 0 21 20 尕第Х分
68 48 3 0 21 21 尕第Х分
60 48 3 0 21 22 尕第Х分
9 48 3 0 21 23 尕第Х分
69 48 3 0 21 24 尕第Х分
64 48 3 0 21 25 尕第Х分
70 48 3 0 21 26 尕第Х分
60 48 3 0 21 27 尕第Х分
71 48 3 0 21 28 尕第Х分
72 48 3 0 21 29 尕第Х分
60 48 3 0 21 30 尕第Х分
9 48 3 0 21 31 尕第Х分
73 48 3 0 21 32 尕第Х分
74 48 3 0 21 33 尕第Х分
83 49 6 1 0 0 豢厖
83 49 6 1 0 0 仍厖
83 49 6 1 0 0 仍日氏
17 50 2 0 11 1 票今月
18 50 2 0 11 2 票今月
14 51 2 0 11 3 票今月
20 50 2 0 11 4 票今月
84 50 2 0 11 5 票今月
5 50 2 0 11 6 票今月
22 52 2 0 11 7 票今月
23 50 2 0 11 8 票今月
8 50 2 0 11 9 票今月
9 50 2 0 11 10 票今月
24 50 2 0 11 11 票今月
11 50 2 0 11 12 票今月
25 50 2 0 11 13 票今月
5 50 2 0 11 14 票今月
17 50 2 0 11 1 仁分今月
18 50 2 0 11 2 仁分今月
14 51 2 0 11 3 仁分今月
20 50 2 0 11 4 仁分今月
84 50 2 0 11 5 仁分今月
5 50 2 0 11 6 仁分今月
22 52 2 0 11 7 仁分今月
23 50 2 0 11 8 仁分今月
8 50 2 0 11 9 仁分今月
9 50 2 0 11 10 仁分今月
24 50 2 0 11 11 仁分今月
11 50 2 0 11 12 仁分今月
25 50 2 0 11 13 仁分今月
5 50 2 0 11 14 仁分今月
77 53 6 8 0 0 手及
77 53 6 8 0 0 手氏
85 54 7 1 0 0 仇仇
86 7 14 2 0 0 讀
87 55 11 0 0 0 窒凶月
87 55 11 0 0 0 卅氏凶月
88 56 1 5 0 0 ’
89 57 9 1 0 0 引匹
90 58 9 2 0 0 分仃
91 59 9 2 0 0 壬井曰
92 59 9 2 0 0 壬勻井曰
93 60 9 2 0 0 及心
94 61 9 2 0 0 卅氏井
95 62 9 2 0 0 仁日中
95 62 9 2 0 0 什日中
96 63 9 1 0 0 井日
97 64 9 3 0 0 井日
57 65 5 0 21 1 及分
58 65 5 0 21 2 及分
3 65 5 0 21 3 及分
59 65 5 0 21 4 及分
60 65 5 0 21 5 及分
5 65 5 0 21 6 及分
98 65 5 0 21 7 及分
62 65 5 0 21 8 及分
60 65 5 0 21 9 及分
9 65 5 0 21 10 及分
63 65 5 0 21 11 及分
64 65 5 0 21 12 及分
65 65 5 0 21 13 及分
16 65 5 0 21 14 及分
5 65 5 0 21 15 及分
66 65 5 0 21 16 及分
29 65 5 0 21 17 及分
60 65 5 0 21 18 及分
5 65 5 0 21 19 及分
67 65 5 0 21 20 及分
68 65 5 0 21 21 及分
60 65 5 0 21 22 及分
9 65 5 0 21 23 及分
69 65 5 0 21 24 及分
64 65 5 0 21 25 及分
70 65 5 0 21 26 及分
60 65 5 0 21 27 及分
71 65 5 0 21 28 及分
72 65 5 0 21 29 及分
60 65 5 0 21 30 及分
9 65 5 0 21 31 及分
73 65 5 0 21 32 及分
74 65 5 0 21 33 及分
99 66 13 1 0 0 葭
99 66 13 1 0 0 蟆
100 66 13 1 0 0 譯
101 66 13 1 0 0 引月
102 66 13 1 0 0 蟈
103 66 13 1 0 0 裕
104 66 13 1 0 0 き
105 66 13 1 0 0 云
17 67 14 7 1 1 木月
18 67 14 7 1 2 木月
80 67 14 7 1 3 木月
20 67 14 7 1 4 木月
3 67 14 7 1 5 木月
5 67 14 7 1 6 木月
81 67 14 7 1 7 木月
106 67 14 7 1 8 木月
8 67 14 7 1 9 木月
9 67 14 7 1 10 木月
24 67 14 7 1 11 木月
11 67 14 7 1 12 木月
25 67 14 7 1 13 木月
5 67 14 7 1 14 木月
3 67 14 7 1 15 木月
17 68 14 7 1 1 六月
18 68 14 7 1 2 六月
80 68 14 7 1 3 六月
20 68 14 7 1 4 六月
3 68 14 7 1 5 六月
5 68 14 7 1 6 六月
81 68 14 7 1 7 六月
106 68 14 7 1 8 六月
8 68 14 7 1 9 六月
9 68 14 7 1 10 六月
24 68 14 7 1 11 六月
11 68 14 7 1 12 六月
25 68 14 7 1 13 六月
5 68 14 7 1 14 六月
3 68 14 7 1 15 六月
17 68 14 7 5 1 允
18 68 14 7 5 2 允
107 68 14 7 5 3 允
20 68 14 7 5 4 允
21 68 14 7 5 5 允
5 68 14 7 5 6 允
22 68 14 7 5 7 允
106 68 14 7 5 8 允
8 68 14 7 5 9 允
9 68 14 7 5 10 允
24 68 14 7 5 11 允
11 68 14 7 5 12 允
25 68 14 7 5 13 允
5 68 14 7 5 14 允
17 67 14 7 1 1 木月
18 67 14 7 1 2 木月
80 67 14 7 1 3 木月
20 67 14 7 1 4 木月
3 67 14 7 1 5 木月
5 67 14 7 1 6 木月
81 67 14 7 1 7 木月
106 67 14 7 1 8 木月
8 67 14 7 1 9 木月
9 67 14 7 1 10 木月
24 67 14 7 1 11 木月
11 67 14 7 1 12 木月
25 67 14 7 1 13 木月
5 67 14 7 1 14 木月
3 67 14 7 1 15 木月
17 69 14 7 1 1 日木月
18 69 14 7 1 2 日木月
80 69 14 7 1 3 日木月
20 69 14 7 1 4 日木月
3 69 14 7 1 5 日木月
5 69 14 7 1 6 日木月
81 69 14 7 1 7 日木月
106 69 14 7 1 8 日木月
8 69 14 7 1 9 日木月
9 69 14 7 1 10 日木月
24 69 14 7 1 11 日木月
11 69 14 7 1 12 日木月
25 69 14 7 1 13 日木月
5 69 14 7 1 14 日木月
3 69 14 7 1 15 日木月
17 70 14 7 1 1 今六月
18 70 14 7 1 2 今六月
80 70 14 7 1 3 今六月
20 70 14 7 1 4 今六月
3 70 14 7 1 5 今六月
5 70 14 7 1 6 今六月
81 70 14 7 1 7 今六月
106 70 14 7 1 8 今六月
8 70 14 7 1 9 今六月
9 70 14 7 1 10 今六月
24 70 14 7 1 11 今六月
11 70 14 7 1 12 今六月
25 70 14 7 1 13 今六月
5 70 14 7 1 14 今六月
3 70 14 7 1 15 今六月
17 70 14 7 5 1 今允
18 70 14 7 5 2 今允
107 70 14 7 5 3 今允
20 70 14 7 5 4 今允
21 70 14 7 5 5 今允
5 70 14 7 5 6 今允
22 70 14 7 5 7 今允
106 70 14 7 5 8 今允
8 70 14 7 5 9 今允
9 70 14 7 5 10 今允
24 70 14 7 5 11 今允
11 70 14 7 5 12 今允
25 70 14 7 5 13 今允
5 70 14 7 5 14 今允
17 69 14 7 1 1 日木月
18 69 14 7 1 2 日木月
80 69 14 7 1 3 日木月
20 69 14 7 1 4 日木月
3 69 14 7 1 5 日木月
5 69 14 7 1 6 日木月
81 69 14 7 1 7 日木月
106 69 14 7 1 8 日木月
8 69 14 7 1 9 日木月
9 69 14 7 1 10 日木月
24 69 14 7 1 11 日木月
11 69 14 7 1 12 日木月
25 69 14 7 1 13 日木月
5 69 14 7 1 14 日木月
3 69 14 7 1 15 日木月
17 67 14 7 1 1 木月
18 67 14 7 1 2 木月
80 67 14 7 1 3 木月
20 67 14 7 1 4 木月
3 67 14 7 1 5 木月
5 67 14 7 1 6 木月
81 67 14 7 1 7 木月
106 67 14 7 1 8 木月
8 67 14 7 1 9 木月
9 67 14 7 1 10 木月
24 67 14 7 1 11 木月
11 67 14 7 1 12 木月
25 67 14 7 1 13 木月
5 67 14 7 1 14 木月
3 67 14 7 1 15 木月
17 71 14 7 1 1 仄戶月
18 71 14 7 1 2 仄戶月
80 71 14 7 1 3 仄戶月
20 71 14 7 1 4 仄戶月
3 71 14 7 1 5 仄戶月
5 71 14 7 1 6 仄戶月
81 71 14 7 1 7 仄戶月
106 71 14 7 1 8 仄戶月
8 71 14 7 1 9 仄戶月
9 71 14 7 1 10 仄戶月
24 71 14 7 1 11 仄戶月
11 71 14 7 1 12 仄戶月
25 71 14 7 1 13 仄戶月
5 71 14 7 1 14 仄戶月
3 71 14 7 1 15 仄戶月
17 72 14 7 1 1 中月
18 72 14 7 1 2 中月
80 72 14 7 1 3 中月
20 72 14 7 1 4 中月
3 72 14 7 1 5 中月
5 72 14 7 1 6 中月
81 72 14 7 1 7 中月
106 72 14 7 1 8 中月
8 72 14 7 1 9 中月
9 72 14 7 1 10 中月
24 72 14 7 1 11 中月
11 72 14 7 1 12 中月
25 72 14 7 1 13 中月
5 72 14 7 1 14 中月
3 72 14 7 1 15 中月
17 72 14 7 1 1 月
18 72 14 7 1 2 月
80 72 14 7 1 3 月
20 72 14 7 1 4 月
3 72 14 7 1 5 月
5 72 14 7 1 6 月
81 72 14 7 1 7 月
106 72 14 7 1 8 月
8 72 14 7 1 9 月
9 72 14 7 1 10 月
24 72 14 7 1 11 月
11 72 14 7 1 12 月
25 72 14 7 1 13 月
5 72 14 7 1 14 月
3 72 14 7 1 15 月
17 72 14 7 1 1 心月
18 72 14 7 1 2 心月
80 72 14 7 1 3 心月
20 72 14 7 1 4 心月
3 72 14 7 1 5 心月
5 72 14 7 1 6 心月
81 72 14 7 1 7 心月
106 72 14 7 1 8 心月
8 72 14 7 1 9 心月
9 72 14 7 1 10 心月
24 72 14 7 1 11 心月
11 72 14 7 1 12 心月
25 72 14 7 1 13 心月
5 72 14 7 1 14 心月
3 72 14 7 1 15 心月
17 72 14 7 14 1 仁月
18 72 14 7 14 2 仁月
80 72 14 7 14 3 仁月
20 72 14 7 14 4 仁月
3 72 14 7 14 5 仁月
5 72 14 7 14 6 仁月
22 72 14 7 14 7 仁月
106 72 14 7 14 8 仁月
8 72 14 7 14 9 仁月
9 72 14 7 14 10 仁月
24 72 14 7 14 11 仁月
11 72 14 7 14 12 仁月
25 72 14 7 14 13 仁月
5 72 14 7 14 14 仁月
17 72 14 7 15 1 侳月
18 72 14 7 15 2 侳月
80 72 14 7 15 3 侳月
20 72 14 7 15 4 侳月
3 72 14 7 15 5 侳月
5 72 14 7 15 6 侳月
22 72 14 7 15 7 侳月
106 72 14 7 15 8 侳月
8 72 14 7 15 9 侳月
9 72 14 7 15 10 侳月
24 72 14 7 15 11 侳月
11 72 14 7 15 12 侳月
25 72 14 7 15 13 侳月
5 72 14 7 15 14 侳月
17 72 14 7 2 1 云仁
18 72 14 7 2 2 云仁
107 72 14 7 2 3 云仁
20 72 14 7 2 4 云仁
21 72 14 7 2 5 云仁
5 72 14 7 2 6 云仁
22 72 14 7 2 7 云仁
106 72 14 7 2 8 云仁
8 72 14 7 2 9 云仁
9 72 14 7 2 10 云仁
24 72 14 7 2 11 云仁
11 72 14 7 2 12 云仁
25 72 14 7 2 13 云仁
5 72 14 7 2 14 云仁
17 72 14 7 10 1 丐月
18 72 14 7 10 2 丐月
107 72 14 7 10 3 丐月
20 72 14 7 10 4 丐月
21 72 14 7 10 5 丐月
5 72 14 7 10 6 丐月
22 72 14 7 10 7 丐月
106 72 14 7 10 8 丐月
8 72 14 7 10 9 丐月
9 72 14 7 10 10 丐月
24 72 14 7 10 11 丐月
11 72 14 7 10 12 丐月
25 72 14 7 10 13 丐月
5 72 14 7 10 14 丐月
17 72 14 7 10 1 云月
18 72 14 7 10 2 云月
107 72 14 7 10 3 云月
20 72 14 7 10 4 云月
21 72 14 7 10 5 云月
5 72 14 7 10 6 云月
22 72 14 7 10 7 云月
106 72 14 7 10 8 云月
8 72 14 7 10 9 云月
9 72 14 7 10 10 云月
24 72 14 7 10 11 云月
11 72 14 7 10 12 云月
25 72 14 7 10 13 云月
5 72 14 7 10 14 云月
17 72 14 7 10 1 蛛月
18 72 14 7 10 2 蛛月
107 72 14 7 10 3 蛛月
20 72 14 7 10 4 蛛月
21 72 14 7 10 5 蛛月
5 72 14 7 10 6 蛛月
22 72 14 7 10 7 蛛月
106 72 14 7 10 8 蛛月
8 72 14 7 10 9 蛛月
9 72 14 7 10 10 蛛月
24 72 14 7 10 11 蛛月
11 72 14 7 10 12 蛛月
25 72 14 7 10 13 蛛月
5 72 14 7 10 14 蛛月
17 72 14 7 3 1 中仁
18 72 14 7 3 2 中仁
107 72 14 7 3 3 中仁
20 72 14 7 3 4 中仁
21 72 14 7 3 5 中仁
5 72 14 7 3 6 中仁
22 72 14 7 3 7 中仁
106 72 14 7 3 8 中仁
8 72 14 7 3 9 中仁
9 72 14 7 3 10 中仁
24 72 14 7 3 11 中仁
11 72 14 7 3 12 中仁
25 72 14 7 3 13 中仁
5 72 14 7 3 14 中仁
17 72 14 7 1 1 中仃月
18 72 14 7 1 2 中仃月
80 72 14 7 1 3 中仃月
20 72 14 7 1 4 中仃月
3 72 14 7 1 5 中仃月
5 72 14 7 1 6 中仃月
81 72 14 7 1 7 中仃月
106 72 14 7 1 8 中仃月
8 72 14 7 1 9 中仃月
9 72 14 7 1 10 中仃月
24 72 14 7 1 11 中仃月
11 72 14 7 1 12 中仃月
25 72 14 7 1 13 中仃月
5 72 14 7 1 14 中仃月
3 72 14 7 1 15 中仃月
17 72 14 7 1 1 仁木月
18 72 14 7 1 2 仁木月
80 72 14 7 1 3 仁木月
20 72 14 7 1 4 仁木月
3 72 14 7 1 5 仁木月
5 72 14 7 1 6 仁木月
81 72 14 7 1 7 仁木月
106 72 14 7 1 8 仁木月
8 72 14 7 1 9 仁木月
9 72 14 7 1 10 仁木月
24 72 14 7 1 11 仁木月
11 72 14 7 1 12 仁木月
25 72 14 7 1 13 仁木月
5 72 14 7 1 14 仁木月
3 72 14 7 1 15 仁木月
17 72 14 7 12 1 手日丹
18 72 14 7 12 2 手日丹
107 72 14 7 12 3 手日丹
20 72 14 7 12 4 手日丹
21 72 14 7 12 5 手日丹
5 72 14 7 12 6 手日丹
22 72 14 7 12 7 手日丹
106 72 14 7 12 8 手日丹
8 72 14 7 12 9 手日丹
9 72 14 7 12 10 手日丹
24 72 14 7 12 11 手日丹
11 72 14 7 12 12 手日丹
25 72 14 7 12 13 手日丹
5 72 14 7 12 14 手日丹
17 72 14 7 12 1 仄引丹
18 72 14 7 12 2 仄引丹
107 72 14 7 12 3 仄引丹
20 72 14 7 12 4 仄引丹
21 72 14 7 12 5 仄引丹
5 72 14 7 12 6 仄引丹
22 72 14 7 12 7 仄引丹
106 72 14 7 12 8 仄引丹
8 72 14 7 12 9 仄引丹
9 72 14 7 12 10 仄引丹
24 72 14 7 12 11 仄引丹
11 72 14 7 12 12 仄引丹
25 72 14 7 12 13 仄引丹
5 72 14 7 12 14 仄引丹
17 72 14 7 11 1 票今月
18 72 14 7 11 2 票今月
108 72 14 7 11 3 票今月
20 72 14 7 11 4 票今月
84 72 14 7 11 5 票今月
5 72 14 7 11 6 票今月
22 72 14 7 11 7 票今月
106 72 14 7 11 8 票今月
8 72 14 7 11 9 票今月
9 72 14 7 11 10 票今月
24 72 14 7 11 11 票今月
11 72 14 7 11 12 票今月
25 72 14 7 11 13 票今月
5 72 14 7 11 14 票今月
17 72 14 7 11 1 仁分今月
18 72 14 7 11 2 仁分今月
108 72 14 7 11 3 仁分今月
20 72 14 7 11 4 仁分今月
84 72 14 7 11 5 仁分今月
5 72 14 7 11 6 仁分今月
22 72 14 7 11 7 仁分今月
106 72 14 7 11 8 仁分今月
8 72 14 7 11 9 仁分今月
9 72 14 7 11 10 仁分今月
24 72 14 7 11 11 仁分今月
11 72 14 7 11 12 仁分今月
25 72 14 7 11 13 仁分今月
5 72 14 7 11 14 仁分今月
17 73 14 7 16 1 允月
18 73 14 7 16 2 允月
28 73 14 7 16 3 允月
20 73 14 7 16 4 允月
3 73 14 7 16 5 允月
5 73 14 7 16 6 允月
109 73 14 7 16 7 允月
106 73 14 7 16 8 允月
8 73 14 7 16 9 允月
9 73 14 7 16 10 允月
24 73 14 7 16 11 允月
11 73 14 7 16 12 允月
25 73 14 7 16 13 允月
5 73 14 7 16 14 允月
31 73 14 7 16 15 允月
14 73 14 7 16 16 允月
3 73 14 7 16 17 允月
17 74 14 7 10 1 卅月
18 74 14 7 10 2 卅月
107 74 14 7 10 3 卅月
20 74 14 7 10 4 卅月
21 74 14 7 10 5 卅月
5 74 14 7 10 6 卅月
22 74 14 7 10 7 卅月
106 74 14 7 10 8 卅月
8 74 14 7 10 9 卅月
9 74 14 7 10 10 卅月
24 74 14 7 10 11 卅月
11 74 14 7 10 12 卅月
25 74 14 7 10 13 卅月
5 74 14 7 10 14 卅月
17 73 14 7 16 1 允月
18 73 14 7 16 2 允月
28 73 14 7 16 3 允月
20 73 14 7 16 4 允月
3 73 14 7 16 5 允月
5 73 14 7 16 6 允月
109 73 14 7 16 7 允月
106 73 14 7 16 8 允月
8 73 14 7 16 9 允月
9 73 14 7 16 10 允月
24 73 14 7 16 11 允月
11 73 14 7 16 12 允月
25 73 14 7 16 13 允月
5 73 14 7 16 14 允月
31 73 14 7 16 15 允月
14 73 14 7 16 16 允月
3 73 14 7 16 17 允月
110 75 12 0 0 0 丐曰互午丹
110 75 12 0 0 0 云戶匹午丹
110 75 12 0 0 0 云反方丹
17 76 14 7 31 1 豢甄中引允
111 76 14 7 31 2 豢甄中引允
14 76 14 7 31 3 豢甄中引允
20 76 14 7 31 4 豢甄中引允
106 76 14 7 31 5 豢甄中引允
9 76 14 7 31 6 豢甄中引允
24 76 14 7 31 7 豢甄中引允
11 76 14 7 31 8 豢甄中引允
17 76 14 7 31 1 仍介中引允
111 76 14 7 31 2 仍介中引允
14 76 14 7 31 3 仍介中引允
20 76 14 7 31 4 仍介中引允
106 76 14 7 31 5 仍介中引允
9 76 14 7 31 6 仍介中引允
24 76 14 7 31 7 仍介中引允
11 76 14 7 31 8 仍介中引允
17 77 14 7 31 1 繡元引允
111 77 14 7 31 2 繡元引允
14 77 14 7 31 3 繡元引允
20 77 14 7 31 4 繡元引允
106 77 14 7 31 5 繡元引允
9 77 14 7 31 6 繡元引允
24 77 14 7 31 7 繡元引允
11 77 14 7 31 8 繡元引允
17 77 14 7 31 1 冗氏元引允
111 77 14 7 31 2 冗氏元引允
14 77 14 7 31 3 冗氏元引允
20 77 14 7 31 4 冗氏元引允
106 77 14 7 31 5 冗氏元引允
9 77 14 7 31 6 冗氏元引允
24 77 14 7 31 7 冗氏元引允
11 77 14 7 31 8 冗氏元引允
17 78 14 7 32 1 丹月
18 78 14 7 32 2 丹月
112 78 14 7 32 3 丹月
5 78 14 7 32 4 丹月
106 78 14 7 32 5 丹月
8 78 14 7 32 6 丹月
9 78 14 7 32 7 丹月
24 78 14 7 32 8 丹月
11 78 14 7 32 9 丹月
17 78 14 7 33 1 ぜ月
18 78 14 7 33 2 ぜ月
112 78 14 7 33 3 ぜ月
5 78 14 7 33 4 ぜ月
106 78 14 7 33 5 ぜ月
8 78 14 7 33 6 ぜ月
9 78 14 7 33 7 ぜ月
24 78 14 7 33 8 ぜ月
11 78 14 7 33 9 ぜ月
17 79 14 7 31 1 引允
111 79 14 7 31 2 引允
14 79 14 7 31 3 引允
20 79 14 7 31 4 引允
106 79 14 7 31 5 引允
9 79 14 7 31 6 引允
24 79 14 7 31 7 引允
11 79 14 7 31 8 引允
17 79 14 7 11 1 卅今月
18 79 14 7 11 2 卅今月
108 79 14 7 11 3 卅今月
20 79 14 7 11 4 卅今月
84 79 14 7 11 5 卅今月
5 79 14 7 11 6 卅今月
22 79 14 7 11 7 卅今月
106 79 14 7 11 8 卅今月
8 79 14 7 11 9 卅今月
9 79 14 7 11 10 卅今月
24 79 14 7 11 11 卅今月
11 79 14 7 11 12 卅今月
25 79 14 7 11 13 卅今月
5 79 14 7 11 14 卅今月
17 79 14 7 31 1 引允
111 79 14 7 31 2 引允
14 79 14 7 31 3 引允
20 79 14 7 31 4 引允
106 79 14 7 31 5 引允
9 79 14 7 31 6 引允
24 79 14 7 31 7 引允
11 79 14 7 31 8 引允
17 80 14 7 10 1 井井月
18 80 14 7 10 2 井井月
107 80 14 7 10 3 井井月
20 80 14 7 10 4 井井月
21 80 14 7 10 5 井井月
5 80 14 7 10 6 井井月
22 80 14 7 10 7 井井月
106 80 14 7 10 8 井井月
8 80 14 7 10 9 井井月
9 80 14 7 10 10 井井月
24 80 14 7 10 11 井井月
11 80 14 7 10 12 井井月
25 80 14 7 10 13 井井月
5 80 14 7 10 14 井井月
17 80 14 7 1 1 井仃月
18 80 14 7 1 2 井仃月
80 80 14 7 1 3 井仃月
20 80 14 7 1 4 井仃月
3 80 14 7 1 5 井仃月
5 80 14 7 1 6 井仃月
81 80 14 7 1 7 井仃月
106 80 14 7 1 8 井仃月
8 80 14 7 1 9 井仃月
9 80 14 7 1 10 井仃月
24 80 14 7 1 11 井仃月
11 80 14 7 1 12 井仃月
25 80 14 7 1 13 井仃月
5 80 14 7 1 14 井仃月
3 80 14 7 1 15 井仃月
17 80 14 7 1 1 井友月
18 80 14 7 1 2 井友月
80 80 14 7 1 3 井友月
20 80 14 7 1 4 井友月
3 80 14 7 1 5 井友月
5 80 14 7 1 6 井友月
81 80 14 7 1 7 井友月
106 80 14 7 1 8 井友月
8 80 14 7 1 9 井友月
9 80 14 7 1 10 井友月
24 80 14 7 1 11 井友月
11 80 14 7 1 12 井友月
25 80 14 7 1 13 井友月
5 80 14 7 1 14 井友月
3 80 14 7 1 15 井友月
17 80 14 7 9 1 丐什戈
18 80 14 7 9 2 丐什戈
14 80 14 7 9 3 丐什戈
20 80 14 7 9 4 丐什戈
21 80 14 7 9 5 丐什戈
5 80 14 7 9 6 丐什戈
22 80 14 7 9 7 丐什戈
106 80 14 7 9 8 丐什戈
8 80 14 7 9 9 丐什戈
9 80 14 7 9 10 丐什戈
24 80 14 7 9 11 丐什戈
11 80 14 7 9 12 丐什戈
25 80 14 7 9 13 丐什戈
5 80 14 7 9 14 丐什戈
17 80 14 7 1 1 丐什友月
18 80 14 7 1 2 丐什友月
80 80 14 7 1 3 丐什友月
20 80 14 7 1 4 丐什友月
3 80 14 7 1 5 丐什友月
5 80 14 7 1 6 丐什友月
81 80 14 7 1 7 丐什友月
106 80 14 7 1 8 丐什友月
8 80 14 7 1 9 丐什友月
9 80 14 7 1 10 丐什友月
24 80 14 7 1 11 丐什友月
11 80 14 7 1 12 丐什友月
25 80 14 7 1 13 丐什友月
5 80 14 7 1 14 丐什友月
3 80 14 7 1 15 丐什友月
17 80 14 7 1 1 公太木月
18 80 14 7 1 2 公太木月
80 80 14 7 1 3 公太木月
20 80 14 7 1 4 公太木月
3 80 14 7 1 5 公太木月
5 80 14 7 1 6 公太木月
81 80 14 7 1 7 公太木月
106 80 14 7 1 8 公太木月
8 80 14 7 1 9 公太木月
9 80 14 7 1 10 公太木月
24 80 14 7 1 11 公太木月
11 80 14 7 1 12 公太木月
25 80 14 7 1 13 公太木月
5 80 14 7 1 14 公太木月
3 80 14 7 1 15 公太木月
17 81 14 7 1 1 允亢月
18 81 14 7 1 2 允亢月
80 81 14 7 1 3 允亢月
20 81 14 7 1 4 允亢月
3 81 14 7 1 5 允亢月
5 81 14 7 1 6 允亢月
81 81 14 7 1 7 允亢月
106 81 14 7 1 8 允亢月
8 81 14 7 1 9 允亢月
9 81 14 7 1 10 允亢月
24 81 14 7 1 11 允亢月
11 81 14 7 1 12 允亢月
25 81 14 7 1 13 允亢月
5 81 14 7 1 14 允亢月
3 81 14 7 1 15 允亢月
17 81 14 7 1 1 聊亢月
18 81 14 7 1 2 聊亢月
80 81 14 7 1 3 聊亢月
20 81 14 7 1 4 聊亢月
3 81 14 7 1 5 聊亢月
5 81 14 7 1 6 聊亢月
81 81 14 7 1 7 聊亢月
106 81 14 7 1 8 聊亢月
8 81 14 7 1 9 聊亢月
9 81 14 7 1 10 聊亢月
24 81 14 7 1 11 聊亢月
11 81 14 7 1 12 聊亢月
25 81 14 7 1 13 聊亢月
5 81 14 7 1 14 聊亢月
3 81 14 7 1 15 聊亢月
17 82 14 7 10 1 互月
18 82 14 7 10 2 互月
107 82 14 7 10 3 互月
20 82 14 7 10 4 互月
21 82 14 7 10 5 互月
5 82 14 7 10 6 互月
22 82 14 7 10 7 互月
106 82 14 7 10 8 互月
8 82 14 7 10 9 互月
9 82 14 7 10 10 互月
24 82 14 7 10 11 互月
11 82 14 7 10 12 互月
25 82 14 7 10 13 互月
5 82 14 7 10 14 互月
17 83 14 7 2 1 戶仁
18 83 14 7 2 2 戶仁
107 83 14 7 2 3 戶仁
20 83 14 7 2 4 戶仁
21 83 14 7 2 5 戶仁
5 83 14 7 2 6 戶仁
22 83 14 7 2 7 戶仁
106 83 14 7 2 8 戶仁
8 83 14 7 2 9 戶仁
9 83 14 7 2 10 戶仁
24 83 14 7 2 11 戶仁
11 83 14 7 2 12 戶仁
25 83 14 7 2 13 戶仁
5 83 14 7 2 14 戶仁
17 84 14 7 12 1 丹
18 84 14 7 12 2 丹
107 84 14 7 12 3 丹
20 84 14 7 12 4 丹
21 84 14 7 12 5 丹
5 84 14 7 12 6 丹
22 84 14 7 12 7 丹
106 84 14 7 12 8 丹
8 84 14 7 12 9 丹
9 84 14 7 12 10 丹
24 84 14 7 12 11 丹
11 84 14 7 12 12 丹
25 84 14 7 12 13 丹
5 84 14 7 12 14 丹
113 80 14 5 18 1 凶中
114 80 14 5 18 2 凶中
3 80 14 5 18 3 凶中
4 80 14 5 18 4 凶中
5 80 14 5 18 5 凶中
6 80 14 5 18 6 凶中
7 80 14 5 18 7 凶中
8 80 14 5 18 8 凶中
9 80 14 5 18 9 凶中
56 80 14 5 18 10 凶中
11 80 14 5 18 11 凶中
12 80 14 5 18 12 凶中
12 80 14 5 18 13 凶中
5 80 14 5 18 14 凶中
9 80 14 5 18 15 凶中
17 80 14 5 18 16 凶中
14 80 14 5 18 17 凶中
15 80 14 5 18 18 凶中
16 80 14 5 18 19 凶中
3 80 14 5 18 20 凶中
113 80 14 5 18 1 支允中
2 80 14 5 18 2 支允中
3 80 14 5 18 3 支允中
4 80 14 5 18 4 支允中
5 80 14 5 18 5 支允中
6 80 14 5 18 6 支允中
7 80 14 5 18 7 支允中
8 80 14 5 18 8 支允中
9 80 14 5 18 9 支允中
56 80 14 5 18 10 支允中
11 80 14 5 18 11 支允中
12 80 14 5 18 12 支允中
12 80 14 5 18 13 支允中
5 80 14 5 18 14 支允中
9 80 14 5 18 15 支允中
17 80 14 5 18 16 支允中
14 80 14 5 18 17 支允中
15 80 14 5 18 18 支允中
16 80 14 5 18 19 支允中
3 80 14 5 18 20 支允中
113 80 14 5 18 1 方中
2 80 14 5 18 2 方中
3 80 14 5 18 3 方中
4 80 14 5 18 4 方中
5 80 14 5 18 5 方中
6 80 14 5 18 6 方中
7 80 14 5 18 7 方中
8 80 14 5 18 8 方中
9 80 14 5 18 9 方中
56 80 14 5 18 10 方中
11 80 14 5 18 11 方中
12 80 14 5 18 12 方中
12 80 14 5 18 13 方中
5 80 14 5 18 14 方中
9 80 14 5 18 15 方中
17 80 14 5 18 16 方中
14 80 14 5 18 17 方中
15 80 14 5 18 18 方中
16 80 14 5 18 19 方中
3 80 14 5 18 20 方中
113 80 14 5 18 1 卞仁中
2 80 14 5 18 2 卞仁中
3 80 14 5 18 3 卞仁中
4 80 14 5 18 4 卞仁中
5 80 14 5 18 5 卞仁中
6 80 14 5 18 6 卞仁中
7 80 14 5 18 7 卞仁中
8 80 14 5 18 8 卞仁中
9 80 14 5 18 9 卞仁中
56 80 14 5 18 10 卞仁中
11 80 14 5 18 11 卞仁中
12 80 14 5 18 12 卞仁中
12 80 14 5 18 13 卞仁中
5 80 14 5 18 14 卞仁中
9 80 14 5 18 15 卞仁中
17 80 14 5 18 16 卞仁中
14 80 14 5 18 17 卞仁中
15 80 14 5 18 18 卞仁中
16 80 14 5 18 19 卞仁中
3 80 14 5 18 20 卞仁中
113 80 14 5 18 1 互凶中
2 80 14 5 18 2 互凶中
3 80 14 5 18 3 互凶中
4 80 14 5 18 4 互凶中
5 80 14 5 18 5 互凶中
6 80 14 5 18 6 互凶中
7 80 14 5 18 7 互凶中
8 80 14 5 18 8 互凶中
9 80 14 5 18 9 互凶中
56 80 14 5 18 10 互凶中
11 80 14 5 18 11 互凶中
12 80 14 5 18 12 互凶中
12 80 14 5 18 13 互凶中
5 80 14 5 18 14 互凶中
9 80 14 5 18 15 互凶中
17 80 14 5 18 16 互凶中
14 80 14 5 18 17 互凶中
15 80 14 5 18 18 互凶中
16 80 14 5 18 19 互凶中
3 80 14 5 18 20 互凶中
113 80 14 5 18 1 ろ中
2 80 14 5 18 2 ろ中
3 80 14 5 18 3 ろ中
4 80 14 5 18 4 ろ中
5 80 14 5 18 5 ろ中
6 80 14 5 18 6 ろ中
7 80 14 5 18 7 ろ中
8 80 14 5 18 8 ろ中
9 80 14 5 18 9 ろ中
56 80 14 5 18 10 ろ中
11 80 14 5 18 11 ろ中
12 80 14 5 18 12 ろ中
12 80 14 5 18 13 ろ中
5 80 14 5 18 14 ろ中
9 80 14 5 18 15 ろ中
17 80 14 5 18 16 ろ中
14 80 14 5 18 17 ろ中
15 80 14 5 18 18 ろ中
16 80 14 5 18 19 ろ中
3 80 14 5 18 20 ろ中
113 80 14 5 18 1 勿日中
2 80 14 5 18 2 勿日中
3 80 14 5 18 3 勿日中
4 80 14 5 18 4 勿日中
5 80 14 5 18 5 勿日中
6 80 14 5 18 6 勿日中
7 80 14 5 18 7 勿日中
8 80 14 5 18 8 勿日中
9 80 14 5 18 9 勿日中
56 80 14 5 18 10 勿日中
11 80 14 5 18 11 勿日中
12 80 14 5 18 12 勿日中
12 80 14 5 18 13 勿日中
5 80 14 5 18 14 勿日中
9 80 14 5 18 15 勿日中
17 80 14 5 18 16 勿日中
14 80 14 5 18 17 勿日中
15 80 14 5 18 18 勿日中
16 80 14 5 18 19 勿日中
3 80 14 5 18 20 勿日中
82 80 14 5 22 1 互切分
58 80 14 5 22 2 互切分
3 80 14 5 22 3 互切分
59 80 14 5 22 4 互切分
115 80 14 5 22 5 互切分
60 80 14 5 22 6 互切分
5 80 14 5 22 7 互切分
61 80 14 5 22 8 互切分
62 80 14 5 22 9 互切分
60 80 14 5 22 10 互切分
9 80 14 5 22 11 互切分
63 80 14 5 22 12 互切分
64 80 14 5 22 13 互切分
65 80 14 5 22 14 互切分
16 80 14 5 22 15 互切分
5 80 14 5 22 16 互切分
66 80 14 5 22 17 互切分
29 80 14 5 22 18 互切分
60 80 14 5 22 19 互切分
5 80 14 5 22 20 互切分
67 80 14 5 22 21 互切分
68 80 14 5 22 22 互切分
60 80 14 5 22 23 互切分
9 80 14 5 22 24 互切分
69 80 14 5 22 25 互切分
64 80 14 5 22 26 互切分
70 80 14 5 22 27 互切分
60 80 14 5 22 28 互切分
71 80 14 5 22 29 互切分
72 80 14 5 22 30 互切分
60 80 14 5 22 31 互切分
9 80 14 5 22 32 互切分
73 80 14 5 22 33 互切分
74 80 14 5 22 34 互切分
82 80 14 5 22 1 竣怗分
58 80 14 5 22 2 竣怗分
3 80 14 5 22 3 竣怗分
59 80 14 5 22 4 竣怗分
115 80 14 5 22 5 竣怗分
60 80 14 5 22 6 竣怗分
5 80 14 5 22 7 竣怗分
61 80 14 5 22 8 竣怗分
62 80 14 5 22 9 竣怗分
60 80 14 5 22 10 竣怗分
9 80 14 5 22 11 竣怗分
63 80 14 5 22 12 竣怗分
64 80 14 5 22 13 竣怗分
65 80 14 5 22 14 竣怗分
16 80 14 5 22 15 竣怗分
5 80 14 5 22 16 竣怗分
66 80 14 5 22 17 竣怗分
29 80 14 5 22 18 竣怗分
60 80 14 5 22 19 竣怗分
5 80 14 5 22 20 竣怗分
67 80 14 5 22 21 竣怗分
68 80 14 5 22 22 竣怗分
60 80 14 5 22 23 竣怗分
9 80 14 5 22 24 竣怗分
69 80 14 5 22 25 竣怗分
64 80 14 5 22 26 竣怗分
70 80 14 5 22 27 竣怗分
60 80 14 5 22 28 竣怗分
71 80 14 5 22 29 竣怗分
72 80 14 5 22 30 竣怗分
60 80 14 5 22 31 竣怗分
9 80 14 5 22 32 竣怗分
73 80 14 5 22 33 竣怗分
74 80 14 5 22 34 竣怗分
82 80 14 5 22 1 亢心分
58 80 14 5 22 2 亢心分
3 80 14 5 22 3 亢心分
59 80 14 5 22 4 亢心分
115 80 14 5 22 5 亢心分
60 80 14 5 22 6 亢心分
5 80 14 5 22 7 亢心分
61 80 14 5 22 8 亢心分
62 80 14 5 22 9 亢心分
60 80 14 5 22 10 亢心分
9 80 14 5 22 11 亢心分
63 80 14 5 22 12 亢心分
64 80 14 5 22 13 亢心分
65 80 14 5 22 14 亢心分
16 80 14 5 22 15 亢心分
5 80 14 5 22 16 亢心分
66 80 14 5 22 17 亢心分
29 80 14 5 22 18 亢心分
60 80 14 5 22 19 亢心分
5 80 14 5 22 20 亢心分
67 80 14 5 22 21 亢心分
68 80 14 5 22 22 亢心分
60 80 14 5 22 23 亢心分
9 80 14 5 22 24 亢心分
69 80 14 5 22 25 亢心分
64 80 14 5 22 26 亢心分
70 80 14 5 22 27 亢心分
60 80 14 5 22 28 亢心分
71 80 14 5 22 29 亢心分
72 80 14 5 22 30 亢心分
60 80 14 5 22 31 亢心分
9 80 14 5 22 32 亢心分
73 80 14 5 22 33 亢心分
74 80 14 5 22 34 亢心分
116 85 14 5 21 1 公丹分
58 85 14 5 21 2 公丹分
3 85 14 5 21 3 公丹分
59 85 14 5 21 4 公丹分
60 85 14 5 21 5 公丹分
5 85 14 5 21 6 公丹分
117 85 14 5 21 7 公丹分
62 85 14 5 21 8 公丹分
60 85 14 5 21 9 公丹分
9 85 14 5 21 10 公丹分
63 85 14 5 21 11 公丹分
64 85 14 5 21 12 公丹分
65 85 14 5 21 13 公丹分
16 86 14 5 21 14 公丹分
5 85 14 5 21 15 公丹分
66 85 14 5 21 16 公丹分
29 85 14 5 21 17 公丹分
60 85 14 5 21 18 公丹分
5 85 14 5 21 19 公丹分
67 85 14 5 21 20 公丹分
68 85 14 5 21 21 公丹分
60 85 14 5 21 22 公丹分
9 85 14 5 21 23 公丹分
69 85 14 5 21 24 公丹分
64 85 14 5 21 25 公丹分
70 85 14 5 21 26 公丹分
60 85 14 5 21 27 公丹分
71 85 14 5 21 28 公丹分
72 85 14 5 21 29 公丹分
60 85 14 5 21 30 公丹分
9 85 14 5 21 31 公丹分
73 85 14 5 21 32 公丹分
74 85 14 5 21 33 公丹分
118 87 14 1 0 0 今
116 85 14 5 21 1 公丹分
58 85 14 5 21 2 公丹分
3 85 14 5 21 3 公丹分
59 85 14 5 21 4 公丹分
60 85 14 5 21 5 公丹分
5 85 14 5 21 6 公丹分
117 85 14 5 21 7 公丹分
62 85 14 5 21 8 公丹分
60 85 14 5 21 9 公丹分
9 85 14 5 21 10 公丹分
63 85 14 5 21 11 公丹分
64 85 14 5 21 12 公丹分
65 85 14 5 21 13 公丹分
16 86 14 5 21 14 公丹分
5 85 14 5 21 15 公丹分
66 85 14 5 21 16 公丹分
29 85 14 5 21 17 公丹分
60 85 14 5 21 18 公丹分
5 85 14 5 21 19 公丹分
67 85 14 5 21 20 公丹分
68 85 14 5 21 21 公丹分
60 85 14 5 21 22 公丹分
9 85 14 5 21 23 公丹分
69 85 14 5 21 24 公丹分
64 85 14 5 21 25 公丹分
70 85 14 5 21 26 公丹分
60 85 14 5 21 27 公丹分
71 85 14 5 21 28 公丹分
72 85 14 5 21 29 公丹分
60 85 14 5 21 30 公丹分
9 85 14 5 21 31 公丹分
73 85 14 5 21 32 公丹分
74 85 14 5 21 33 公丹分
113 88 14 5 18 1 卅中
2 88 14 5 18 2 卅中
3 88 14 5 18 3 卅中
4 88 14 5 18 4 卅中
5 88 14 5 18 5 卅中
6 88 14 5 18 6 卅中
7 88 14 5 18 7 卅中
8 88 14 5 18 8 卅中
9 88 14 5 18 9 卅中
56 88 14 5 18 10 卅中
11 88 14 5 18 11 卅中
12 88 14 5 18 12 卅中
12 88 14 5 18 13 卅中
5 88 14 5 18 14 卅中
9 88 14 5 18 15 卅中
17 88 14 5 18 16 卅中
14 88 14 5 18 17 卅中
15 88 14 5 18 18 卅中
16 88 14 5 18 19 卅中
3 88 14 5 18 20 卅中
82 89 14 5 22 1 戶分
58 89 14 5 22 2 戶分
3 89 14 5 22 3 戶分
59 89 14 5 22 4 戶分
115 89 14 5 22 5 戶分
60 89 14 5 22 6 戶分
5 89 14 5 22 7 戶分
61 89 14 5 22 8 戶分
62 89 14 5 22 9 戶分
60 89 14 5 22 10 戶分
9 89 14 5 22 11 戶分
63 89 14 5 22 12 戶分
64 89 14 5 22 13 戶分
65 89 14 5 22 14 戶分
16 89 14 5 22 15 戶分
5 89 14 5 22 16 戶分
66 89 14 5 22 17 戶分
29 89 14 5 22 18 戶分
60 89 14 5 22 19 戶分
5 89 14 5 22 20 戶分
67 89 14 5 22 21 戶分
68 89 14 5 22 22 戶分
60 89 14 5 22 23 戶分
9 89 14 5 22 24 戶分
69 89 14 5 22 25 戶分
64 89 14 5 22 26 戶分
70 89 14 5 22 27 戶分
60 89 14 5 22 28 戶分
71 89 14 5 22 29 戶分
72 89 14 5 22 30 戶分
60 89 14 5 22 31 戶分
9 89 14 5 22 32 戶分
73 89 14 5 22 33 戶分
74 89 14 5 22 34 戶分
82 89 14 5 22 1 戶分
58 89 14 5 22 2 戶分
3 89 14 5 22 3 戶分
59 89 14 5 22 4 戶分
115 89 14 5 22 5 戶分
60 89 14 5 22 6 戶分
5 89 14 5 22 7 戶分
61 89 14 5 22 8 戶分
62 89 14 5 22 9 戶分
60 89 14 5 22 10 戶分
9 89 14 5 22 11 戶分
63 89 14 5 22 12 戶分
64 89 14 5 22 13 戶分
65 89 14 5 22 14 戶分
16 89 14 5 22 15 戶分
5 89 14 5 22 16 戶分
66 89 14 5 22 17 戶分
29 89 14 5 22 18 戶分
60 89 14 5 22 19 戶分
5 89 14 5 22 20 戶分
67 89 14 5 22 21 戶分
68 89 14 5 22 22 戶分
60 89 14 5 22 23 戶分
9 89 14 5 22 24 戶分
69 89 14 5 22 25 戶分
64 89 14 5 22 26 戶分
70 89 14 5 22 27 戶分
60 89 14 5 22 28 戶分
71 89 14 5 22 29 戶分
72 89 14 5 22 30 戶分
60 89 14 5 22 31 戶分
9 89 14 5 22 32 戶分
73 89 14 5 22 33 戶分
74 89 14 5 22 34 戶分
85 54 7 1 0 0 公木
119 86 9 0 0 0 井
120 90 14 4 0 0 
121 49 6 1 0 0 噶
121 49 6 1 0 0 彊
122 91 6 10 0 0 嬴
122 91 6 10 0 0 噸
122 91 6 10 0 0 學
123 92 14 3 0 0 餵
123 92 14 3 0 0 蛹
123 92 14 3 0 0 醬
123 92 14 3 0 0 寞
123 92 14 3 0 0 洘糧
124 92 14 3 0 0 坌
123 92 14 3 0 0 簽匏
123 92 14 3 0 0 芴曰
123 92 14 3 0 0 芴
123 92 14 3 0 0 丐引曰
124 93 14 3 0 0 凜
125 49 6 1 0 0 瘉聶
27 90 14 4 0 0 譯
27 90 14 4 0 0 動ま
27 90 14 4 0 0 雄
27 90 14 4 0 0 澆
27 94 14 4 0 0 蜃曰
126 45 14 3 0 0 ヵ蘸
126 45 14 3 0 0 ヵ
126 45 14 3 0 0 畸
27 95 14 4 0 0 抔木
127 45 14 3 0 0 壑答
127 45 14 3 0 0 蔥
27 96 14 4 0 0 坱
128 45 14 3 0 0 ゥ
129 91 6 10 0 0 葭ゥ
27 97 14 4 0 0 尥
124 45 14 3 0 0 卍
124 45 14 3 0 0 平伕
27 98 14 4 0 0 聊亢
27 98 14 4 0 0 允亢
27 99 14 4 0 0 動嫦
27 99 14 4 0 0 動侳
27 99 14 4 0 0 動詨
27 99 14 4 0 0 動蟆
130 8 14 2 0 0 杴
130 7 14 2 0 0 爵
27 100 14 4 0 0 籥
27 100 14 4 0 0 庄
27 100 14 4 0 0 萱
27 100 14 4 0 0 毀
27 100 14 4 0 0 閩
27 100 14 4 0 0 翹
27 100 14 4 0 0 蠔
27 100 14 4 0 0 嗉
27 100 14 4 0 0 膛
27 100 14 4 0 0 彊
85 87 14 1 0 0 戶
85 87 14 1 0 0 竣
85 87 14 1 0 0 仆
85 82 14 1 0 0 心
85 101 14 2 0 0 公及手及
85 80 14 1 0 0 井凶
85 80 14 1 0 0 杅
85 80 14 1 0 0 澎
85 80 14 1 0 0 凶化
85 80 14 1 0 0 少曰
85 80 14 1 0 0 勻尤曰
85 80 14 1 0 0 方丹
85 80 14 1 0 0 迋
85 80 14 1 0 0 互中
85 102 14 1 0 0 旵鎖
85 102 14 1 0 0 幻丹分中
85 81 14 1 0 0 公丹
131 103 6 7 0 0 醒
131 103 6 7 0 0 允丹
131 103 6 7 0 0 窒
131 103 6 7 0 0 卅氏
131 103 6 7 0 0 湯
131 103 6 7 0 0 中仁
132 104 6 7 0 0 蝸
132 104 6 7 0 0 伝
132 104 6 7 0 0 燦
132 104 6 7 0 0 坳
132 104 6 7 0 0 盔
132 104 6 7 0 0 靡
133 105 6 7 0 0 坌及
133 105 6 7 0 0 ’
134 106 9 2 0 0 引匹
135 107 9 2 0 0 手
136 108 9 2 0 0 仇公
137 109 9 3 0 0 引匹
138 110 9 1 0 0 互
139 111 9 2 0 0 今尹
140 112 9 1 0 0 毛
141 113 9 2 0 0 允日
142 114 9 1 0 0 卞
143 115 9 3 0 0 引引
144 116 9 3 0 0 五曰
144 116 9 3 0 0 勻五曰
145 117 9 1 0 0 匹
146 118 9 1 0 0 尺
147 119 9 1 0 0 方曰
148 120 9 2 0 0 升仇欠
149 121 9 1 0 0 及
138 122 9 1 0 0 卞化
150 123 9 3 0 0 方曰
151 80 9 3 0 0 勾勾
35 124 9 2 0 0 卅日
35 125 9 2 0 0 勻凶日
152 126 9 2 0 0 匹手
35 127 9 2 0 0 仄井
153 128 9 2 0 0 午化
154 125 9 2 0 0 元扎
155 129 9 2 0 0 勻化
156 130 9 2 0 0 分勻化
157 131 9 3 0 0 卅日
158 132 9 3 0 0 仄
158 133 9 3 0 0 仃木升手
158 133 9 3 0 0 仃木升
158 133 9 3 0 0 仃升
159 134 9 3 0 0 支中卅支
158 133 9 3 0 0 仃升手
158 135 9 3 0 0 升
158 135 9 3 0 0 升手
160 136 9 4 0 0 勻仃
161 137 9 4 0 0 歹
54 86 9 4 0 0 支
162 86 9 3 0 0 及心卅日內
163 138 9 4 0 0 友氏
164 86 9 3 0 0 午升丹元卞
52 139 9 4 0 0 卅
17 140 2 0 12 1 閤丹
18 140 2 0 12 2 閤丹
19 141 2 0 12 3 閤丹
20 140 2 0 12 4 閤丹
21 140 2 0 12 5 閤丹
5 140 2 0 12 6 閤丹
165 142 2 0 12 7 閤丹
23 140 2 0 12 8 閤丹
8 140 2 0 12 9 閤丹
9 140 2 0 12 10 閤丹
24 140 2 0 12 11 閤丹
11 140 2 0 12 12 閤丹
25 140 2 0 12 13 閤丹
5 140 2 0 12 14 閤丹
42 143 9 3 0 0 五支
17 144 5 0 26 1 匹允
166 144 5 0 26 2 匹允
52 137 9 4 0 0 冗
52 137 9 4 0 0 兮
52 138 9 4 0 0 匹
17 145 5 0 26 1 引中
167 145 5 0 26 2 引中
52 146 9 4 0 0 *
168 147 5 0 25 1 反內分
58 147 5 0 25 2 反內分
3 147 5 0 25 3 反內分
169 147 5 0 25 4 反內分
170 147 5 0 25 5 反內分
60 147 5 0 25 6 反內分
5 147 5 0 25 7 反內分
62 147 5 0 25 8 反內分
60 147 5 0 25 9 反內分
9 147 5 0 25 10 反內分
171 147 5 0 25 11 反內分
64 147 5 0 25 12 反內分
65 147 5 0 25 13 反內分
66 147 5 0 25 14 反內分
29 147 5 0 25 15 反內分
60 147 5 0 25 16 反內分
5 147 5 0 25 17 反內分
67 147 5 0 25 18 反內分
68 147 5 0 25 19 反內分
60 147 5 0 25 20 反內分
9 147 5 0 25 21 反內分
69 147 5 0 25 22 反內分
64 147 5 0 25 23 反內分
70 147 5 0 25 24 反內分
60 147 5 0 25 25 反內分
71 147 5 0 25 26 反內分
72 147 5 0 25 27 反內分
60 147 5 0 25 28 反內分
9 147 5 0 25 29 反內分
73 147 5 0 25 30 反內分
74 147 5 0 25 31 反內分
57 147 5 0 22 1 壬井曰分
58 147 5 0 22 2 壬井曰分
3 147 5 0 22 3 壬井曰分
59 147 5 0 22 4 壬井曰分
115 147 5 0 22 5 壬井曰分
60 147 5 0 22 6 壬井曰分
5 147 5 0 22 7 壬井曰分
61 147 5 0 22 8 壬井曰分
62 147 5 0 22 9 壬井曰分
60 147 5 0 22 10 壬井曰分
9 147 5 0 22 11 壬井曰分
63 147 5 0 22 12 壬井曰分
64 147 5 0 22 13 壬井曰分
65 147 5 0 22 14 壬井曰分
16 147 5 0 22 15 壬井曰分
5 147 5 0 22 16 壬井曰分
66 147 5 0 22 17 壬井曰分
29 147 5 0 22 18 壬井曰分
60 147 5 0 22 19 壬井曰分
5 147 5 0 22 20 壬井曰分
67 147 5 0 22 21 壬井曰分
68 147 5 0 22 22 壬井曰分
60 147 5 0 22 23 壬井曰分
9 147 5 0 22 24 壬井曰分
69 147 5 0 22 25 壬井曰分
64 147 5 0 22 26 壬井曰分
70 147 5 0 22 27 壬井曰分
60 147 5 0 22 28 壬井曰分
71 147 5 0 22 29 壬井曰分
72 147 5 0 22 30 壬井曰分
60 147 5 0 22 31 壬井曰分
9 147 5 0 22 32 壬井曰分
73 147 5 0 22 33 壬井曰分
74 147 5 0 22 34 壬井曰分
57 147 5 0 22 1 壬勻井曰分
58 147 5 0 22 2 壬勻井曰分
3 147 5 0 22 3 壬勻井曰分
59 147 5 0 22 4 壬勻井曰分
115 147 5 0 22 5 壬勻井曰分
60 147 5 0 22 6 壬勻井曰分
5 147 5 0 22 7 壬勻井曰分
61 147 5 0 22 8 壬勻井曰分
62 147 5 0 22 9 壬勻井曰分
60 147 5 0 22 10 壬勻井曰分
9 147 5 0 22 11 壬勻井曰分
63 147 5 0 22 12 壬勻井曰分
64 147 5 0 22 13 壬勻井曰分
65 147 5 0 22 14 壬勻井曰分
16 147 5 0 22 15 壬勻井曰分
5 147 5 0 22 16 壬勻井曰分
66 147 5 0 22 17 壬勻井曰分
29 147 5 0 22 18 壬勻井曰分
60 147 5 0 22 19 壬勻井曰分
5 147 5 0 22 20 壬勻井曰分
67 147 5 0 22 21 壬勻井曰分
68 147 5 0 22 22 壬勻井曰分
60 147 5 0 22 23 壬勻井曰分
9 147 5 0 22 24 壬勻井曰分
69 147 5 0 22 25 壬勻井曰分
64 147 5 0 22 26 壬勻井曰分
70 147 5 0 22 27 壬勻井曰分
60 147 5 0 22 28 壬勻井曰分
71 147 5 0 22 29 壬勻井曰分
72 147 5 0 22 30 壬勻井曰分
60 147 5 0 22 31 壬勻井曰分
9 147 5 0 22 32 壬勻井曰分
73 147 5 0 22 33 壬勻井曰分
74 147 5 0 22 34 壬勻井曰分
57 147 5 0 21 1 方丹分
58 147 5 0 21 2 方丹分
3 147 5 0 21 3 方丹分
59 147 5 0 21 4 方丹分
60 147 5 0 21 5 方丹分
5 147 5 0 21 6 方丹分
61 147 5 0 21 7 方丹分
62 147 5 0 21 8 方丹分
60 147 5 0 21 9 方丹分
9 147 5 0 21 10 方丹分
63 147 5 0 21 11 方丹分
64 147 5 0 21 12 方丹分
65 147 5 0 21 13 方丹分
16 147 5 0 21 14 方丹分
5 147 5 0 21 15 方丹分
66 147 5 0 21 16 方丹分
29 147 5 0 21 17 方丹分
60 147 5 0 21 18 方丹分
5 147 5 0 21 19 方丹分
67 147 5 0 21 20 方丹分
68 147 5 0 21 21 方丹分
60 147 5 0 21 22 方丹分
9 147 5 0 21 23 方丹分
69 147 5 0 21 24 方丹分
64 147 5 0 21 25 方丹分
70 147 5 0 21 26 方丹分
60 147 5 0 21 27 方丹分
71 147 5 0 21 28 方丹分
72 147 5 0 21 29 方丹分
60 147 5 0 21 30 方丹分
9 147 5 0 21 31 方丹分
73 147 5 0 21 32 方丹分
74 147 5 0 21 33 方丹分
57 147 5 0 21 1 孔丹分
58 147 5 0 21 2 孔丹分
3 147 5 0 21 3 孔丹分
59 147 5 0 21 4 孔丹分
60 147 5 0 21 5 孔丹分
5 147 5 0 21 6 孔丹分
61 147 5 0 21 7 孔丹分
62 147 5 0 21 8 孔丹分
60 147 5 0 21 9 孔丹分
9 147 5 0 21 10 孔丹分
63 147 5 0 21 11 孔丹分
64 147 5 0 21 12 孔丹分
65 147 5 0 21 13 孔丹分
16 147 5 0 21 14 孔丹分
5 147 5 0 21 15 孔丹分
66 147 5 0 21 16 孔丹分
29 147 5 0 21 17 孔丹分
60 147 5 0 21 18 孔丹分
5 147 5 0 21 19 孔丹分
67 147 5 0 21 20 孔丹分
68 147 5 0 21 21 孔丹分
60 147 5 0 21 22 孔丹分
9 147 5 0 21 23 孔丹分
69 147 5 0 21 24 孔丹分
64 147 5 0 21 25 孔丹分
70 147 5 0 21 26 孔丹分
60 147 5 0 21 27 孔丹分
71 147 5 0 21 28 孔丹分
72 147 5 0 21 29 孔丹分
60 147 5 0 21 30 孔丹分
9 147 5 0 21 31 孔丹分
73 147 5 0 21 32 孔丹分
74 147 5 0 21 33 孔丹分
57 65 5 0 21 1 及分
58 65 5 0 21 2 及分
3 65 5 0 21 3 及分
59 65 5 0 21 4 及分
60 65 5 0 21 5 及分
5 65 5 0 21 6 及分
98 65 5 0 21 7 及分
62 65 5 0 21 8 及分
60 65 5 0 21 9 及分
9 65 5 0 21 10 及分
63 65 5 0 21 11 及分
64 65 5 0 21 12 及分
65 65 5 0 21 13 及分
16 65 5 0 21 14 及分
5 65 5 0 21 15 及分
66 65 5 0 21 16 及分
29 65 5 0 21 17 及分
60 65 5 0 21 18 及分
5 65 5 0 21 19 及分
67 65 5 0 21 20 及分
68 65 5 0 21 21 及分
60 65 5 0 21 22 及分
9 65 5 0 21 23 及分
69 65 5 0 21 24 及分
64 65 5 0 21 25 及分
70 65 5 0 21 26 及分
60 65 5 0 21 27 及分
71 65 5 0 21 28 及分
72 65 5 0 21 29 及分
60 65 5 0 21 30 及分
9 65 5 0 21 31 及分
73 65 5 0 21 32 及分
74 65 5 0 21 33 及分
57 148 5 0 21 1 氏分
58 148 5 0 21 2 氏分
3 148 5 0 21 3 氏分
59 148 5 0 21 4 氏分
60 148 5 0 21 5 氏分
5 148 5 0 21 6 氏分
61 148 5 0 21 7 氏分
62 148 5 0 21 8 氏分
60 148 5 0 21 9 氏分
9 148 5 0 21 10 氏分
63 148 5 0 21 11 氏分
64 148 5 0 21 12 氏分
65 148 5 0 21 13 氏分
16 148 5 0 21 14 氏分
5 148 5 0 21 15 氏分
66 148 5 0 21 16 氏分
29 148 5 0 21 17 氏分
60 148 5 0 21 18 氏分
5 148 5 0 21 19 氏分
67 148 5 0 21 20 氏分
68 148 5 0 21 21 氏分
60 148 5 0 21 22 氏分
9 148 5 0 21 23 氏分
69 148 5 0 21 24 氏分
64 148 5 0 21 25 氏分
70 148 5 0 21 26 氏分
60 148 5 0 21 27 氏分
71 148 5 0 21 28 氏分
72 148 5 0 21 29 氏分
60 148 5 0 21 30 氏分
9 148 5 0 21 31 氏分
73 148 5 0 21 32 氏分
74 148 5 0 21 33 氏分
57 65 5 0 21 1 歹仃分
58 65 5 0 21 2 歹仃分
3 65 5 0 21 3 歹仃分
59 65 5 0 21 4 歹仃分
60 65 5 0 21 5 歹仃分
5 65 5 0 21 6 歹仃分
61 65 5 0 21 7 歹仃分
62 65 5 0 21 8 歹仃分
60 65 5 0 21 9 歹仃分
9 65 5 0 21 10 歹仃分
63 65 5 0 21 11 歹仃分
64 65 5 0 21 12 歹仃分
65 65 5 0 21 13 歹仃分
16 65 5 0 21 14 歹仃分
5 65 5 0 21 15 歹仃分
66 65 5 0 21 16 歹仃分
29 65 5 0 21 17 歹仃分
60 65 5 0 21 18 歹仃分
5 65 5 0 21 19 歹仃分
67 65 5 0 21 20 歹仃分
68 65 5 0 21 21 歹仃分
60 65 5 0 21 22 歹仃分
9 65 5 0 21 23 歹仃分
69 65 5 0 21 24 歹仃分
64 65 5 0 21 25 歹仃分
70 65 5 0 21 26 歹仃分
60 65 5 0 21 27 歹仃分
71 65 5 0 21 28 歹仃分
72 65 5 0 21 29 歹仃分
60 65 5 0 21 30 歹仃分
9 65 5 0 21 31 歹仃分
73 65 5 0 21 32 歹仃分
74 65 5 0 21 33 歹仃分
57 65 5 0 21 1 及分
58 65 5 0 21 2 及分
3 65 5 0 21 3 及分
59 65 5 0 21 4 及分
60 65 5 0 21 5 及分
5 65 5 0 21 6 及分
98 65 5 0 21 7 及分
62 65 5 0 21 8 及分
60 65 5 0 21 9 及分
9 65 5 0 21 10 及分
63 65 5 0 21 11 及分
64 65 5 0 21 12 及分
65 65 5 0 21 13 及分
16 65 5 0 21 14 及分
5 65 5 0 21 15 及分
66 65 5 0 21 16 及分
29 65 5 0 21 17 及分
60 65 5 0 21 18 及分
5 65 5 0 21 19 及分
67 65 5 0 21 20 及分
68 65 5 0 21 21 及分
60 65 5 0 21 22 及分
9 65 5 0 21 23 及分
69 65 5 0 21 24 及分
64 65 5 0 21 25 及分
70 65 5 0 21 26 及分
60 65 5 0 21 27 及分
71 65 5 0 21 28 及分
72 65 5 0 21 29 及分
60 65 5 0 21 30 及分
9 65 5 0 21 31 及分
73 65 5 0 21 32 及分
74 65 5 0 21 33 及分
57 65 5 0 21 1 歹仃分
58 65 5 0 21 2 歹仃分
3 65 5 0 21 3 歹仃分
59 65 5 0 21 4 歹仃分
60 65 5 0 21 5 歹仃分
5 65 5 0 21 6 歹仃分
61 65 5 0 21 7 歹仃分
62 65 5 0 21 8 歹仃分
60 65 5 0 21 9 歹仃分
9 65 5 0 21 10 歹仃分
63 65 5 0 21 11 歹仃分
64 65 5 0 21 12 歹仃分
65 65 5 0 21 13 歹仃分
16 65 5 0 21 14 歹仃分
5 65 5 0 21 15 歹仃分
66 65 5 0 21 16 歹仃分
29 65 5 0 21 17 歹仃分
60 65 5 0 21 18 歹仃分
5 65 5 0 21 19 歹仃分
67 65 5 0 21 20 歹仃分
68 65 5 0 21 21 歹仃分
60 65 5 0 21 22 歹仃分
9 65 5 0 21 23 歹仃分
69 65 5 0 21 24 歹仃分
64 65 5 0 21 25 歹仃分
70 65 5 0 21 26 歹仃分
60 65 5 0 21 27 歹仃分
71 65 5 0 21 28 歹仃分
72 65 5 0 21 29 歹仃分
60 65 5 0 21 30 歹仃分
9 65 5 0 21 31 歹仃分
73 65 5 0 21 32 歹仃分
74 65 5 0 21 33 歹仃分
17 149 5 0 26 1 仇午分
172 149 5 0 26 2 仇午分
168 149 5 0 25 1 勾手曰分
58 149 5 0 25 2 勾手曰分
3 149 5 0 25 3 勾手曰分
169 149 5 0 25 4 勾手曰分
170 149 5 0 25 5 勾手曰分
60 149 5 0 25 6 勾手曰分
5 149 5 0 25 7 勾手曰分
62 149 5 0 25 8 勾手曰分
60 149 5 0 25 9 勾手曰分
9 149 5 0 25 10 勾手曰分
171 149 5 0 25 11 勾手曰分
64 149 5 0 25 12 勾手曰分
65 149 5 0 25 13 勾手曰分
66 149 5 0 25 14 勾手曰分
29 149 5 0 25 15 勾手曰分
60 149 5 0 25 16 勾手曰分
5 149 5 0 25 17 勾手曰分
67 149 5 0 25 18 勾手曰分
68 149 5 0 25 19 勾手曰分
60 149 5 0 25 20 勾手曰分
9 149 5 0 25 21 勾手曰分
69 149 5 0 25 22 勾手曰分
64 149 5 0 25 23 勾手曰分
70 149 5 0 25 24 勾手曰分
60 149 5 0 25 25 勾手曰分
71 149 5 0 25 26 勾手曰分
72 149 5 0 25 27 勾手曰分
60 149 5 0 25 28 勾手曰分
9 149 5 0 25 29 勾手曰分
73 149 5 0 25 30 勾手曰分
74 149 5 0 25 31 勾手曰分
17 41 5 0 19 1 日仄中
2 41 5 0 19 2 日仄中
3 41 5 0 19 3 日仄中
4 41 5 0 19 4 日仄中
5 41 5 0 19 5 日仄中
6 41 5 0 19 6 日仄中
7 41 5 0 19 7 日仄中
8 41 5 0 19 8 日仄中
9 41 5 0 19 9 日仄中
56 41 5 0 19 10 日仄中
11 41 5 0 19 11 日仄中
12 41 5 0 19 12 日仄中
12 41 5 0 19 13 日仄中
5 41 5 0 19 14 日仄中
9 41 5 0 19 15 日仄中
17 41 5 0 19 16 日仄中
14 41 5 0 19 17 日仄中
15 41 5 0 19 18 日仄中
16 41 5 0 19 19 日仄中
3 41 5 0 19 20 日仄中
57 41 5 0 21 1 心凶中分
58 41 5 0 21 2 心凶中分
3 41 5 0 21 3 心凶中分
59 41 5 0 21 4 心凶中分
60 41 5 0 21 5 心凶中分
5 41 5 0 21 6 心凶中分
61 41 5 0 21 7 心凶中分
62 41 5 0 21 8 心凶中分
60 41 5 0 21 9 心凶中分
9 41 5 0 21 10 心凶中分
63 41 5 0 21 11 心凶中分
64 41 5 0 21 12 心凶中分
65 41 5 0 21 13 心凶中分
16 41 5 0 21 14 心凶中分
5 41 5 0 21 15 心凶中分
66 41 5 0 21 16 心凶中分
29 41 5 0 21 17 心凶中分
60 41 5 0 21 18 心凶中分
5 41 5 0 21 19 心凶中分
67 41 5 0 21 20 心凶中分
68 41 5 0 21 21 心凶中分
60 41 5 0 21 22 心凶中分
9 41 5 0 21 23 心凶中分
69 41 5 0 21 24 心凶中分
64 41 5 0 21 25 心凶中分
70 41 5 0 21 26 心凶中分
60 41 5 0 21 27 心凶中分
71 41 5 0 21 28 心凶中分
72 41 5 0 21 29 心凶中分
60 41 5 0 21 30 心凶中分
9 41 5 0 21 31 心凶中分
73 41 5 0 21 32 心凶中分
74 41 5 0 21 33 心凶中分
17 144 5 0 26 1 匹允
166 144 5 0 26 2 匹允
17 150 5 0 29 1 公丹分
173 150 5 0 29 2 公丹分
73 150 5 0 29 3 公丹分
174 150 5 0 29 4 公丹分
166 150 5 0 29 5 公丹分
57 151 5 0 21 1 屯五分
58 151 5 0 21 2 屯五分
3 151 5 0 21 3 屯五分
59 151 5 0 21 4 屯五分
60 151 5 0 21 5 屯五分
5 151 5 0 21 6 屯五分
61 151 5 0 21 7 屯五分
62 151 5 0 21 8 屯五分
60 151 5 0 21 9 屯五分
9 151 5 0 21 10 屯五分
63 151 5 0 21 11 屯五分
64 151 5 0 21 12 屯五分
65 151 5 0 21 13 屯五分
16 151 5 0 21 14 屯五分
5 151 5 0 21 15 屯五分
66 151 5 0 21 16 屯五分
29 151 5 0 21 17 屯五分
60 151 5 0 21 18 屯五分
5 151 5 0 21 19 屯五分
67 151 5 0 21 20 屯五分
68 151 5 0 21 21 屯五分
60 151 5 0 21 22 屯五分
9 151 5 0 21 23 屯五分
69 151 5 0 21 24 屯五分
64 151 5 0 21 25 屯五分
70 151 5 0 21 26 屯五分
60 151 5 0 21 27 屯五分
71 151 5 0 21 28 屯五分
72 151 5 0 21 29 屯五分
60 151 5 0 21 30 屯五分
9 151 5 0 21 31 屯五分
73 151 5 0 21 32 屯五分
74 151 5 0 21 33 屯五分
175 151 5 0 30 1 屯仄
176 151 5 0 30 2 屯仄
177 151 5 0 30 3 屯仄
178 151 5 0 30 4 屯仄
175 152 5 0 30 1 仍午仄
176 152 5 0 30 2 仍午仄
177 152 5 0 30 3 仍午仄
178 152 5 0 30 4 仍午仄
175 152 5 0 30 1 ョ仄
176 152 5 0 30 2 ョ仄
177 152 5 0 30 3 ョ仄
178 152 5 0 30 4 ョ仄
17 145 5 0 26 1 引中
167 145 5 0 26 2 引中
17 153 5 0 27 1 厄
179 153 5 0 27 2 厄
5 153 5 0 27 3 厄
180 153 5 0 27 4 厄
4 153 5 0 27 5 厄
181 153 5 0 27 6 厄
9 153 5 0 27 7 厄
182 154 5 0 27 8 厄
8 153 5 0 27 9 厄
183 153 5 0 27 10 厄
184 153 5 0 27 11 厄
185 153 5 0 27 12 厄
5 153 5 0 27 13 厄
12 153 5 0 27 14 厄
17 153 5 0 27 1 厄
179 153 5 0 27 2 厄
5 153 5 0 27 3 厄
180 153 5 0 27 4 厄
4 153 5 0 27 5 厄
181 153 5 0 27 6 厄
9 153 5 0 27 7 厄
182 154 5 0 27 8 厄
8 153 5 0 27 9 厄
183 153 5 0 27 10 厄
184 153 5 0 27 11 厄
185 153 5 0 27 12 厄
5 153 5 0 27 13 厄
12 153 5 0 27 14 厄
17 41 5 0 19 1 日仄中
2 41 5 0 19 2 日仄中
3 41 5 0 19 3 日仄中
4 41 5 0 19 4 日仄中
5 41 5 0 19 5 日仄中
6 41 5 0 19 6 日仄中
7 41 5 0 19 7 日仄中
8 41 5 0 19 8 日仄中
9 41 5 0 19 9 日仄中
56 41 5 0 19 10 日仄中
11 41 5 0 19 11 日仄中
12 41 5 0 19 12 日仄中
12 41 5 0 19 13 日仄中
5 41 5 0 19 14 日仄中
9 41 5 0 19 15 日仄中
17 41 5 0 19 16 日仄中
14 41 5 0 19 17 日仄中
15 41 5 0 19 18 日仄中
16 41 5 0 19 19 日仄中
3 41 5 0 19 20 日仄中
57 41 5 0 21 1 心凶中分
58 41 5 0 21 2 心凶中分
3 41 5 0 21 3 心凶中分
59 41 5 0 21 4 心凶中分
60 41 5 0 21 5 心凶中分
5 41 5 0 21 6 心凶中分
61 41 5 0 21 7 心凶中分
62 41 5 0 21 8 心凶中分
60 41 5 0 21 9 心凶中分
9 41 5 0 21 10 心凶中分
63 41 5 0 21 11 心凶中分
64 41 5 0 21 12 心凶中分
65 41 5 0 21 13 心凶中分
16 41 5 0 21 14 心凶中分
5 41 5 0 21 15 心凶中分
66 41 5 0 21 16 心凶中分
29 41 5 0 21 17 心凶中分
60 41 5 0 21 18 心凶中分
5 41 5 0 21 19 心凶中分
67 41 5 0 21 20 心凶中分
68 41 5 0 21 21 心凶中分
60 41 5 0 21 22 心凶中分
9 41 5 0 21 23 心凶中分
69 41 5 0 21 24 心凶中分
64 41 5 0 21 25 心凶中分
70 41 5 0 21 26 心凶中分
60 41 5 0 21 27 心凶中分
71 41 5 0 21 28 心凶中分
72 41 5 0 21 29 心凶中分
60 41 5 0 21 30 心凶中分
9 41 5 0 21 31 心凶中分
73 41 5 0 21 32 心凶中分
74 41 5 0 21 33 心凶中分
85 8 14 2 0 0 峔
85 8 14 2 0 0 醒
85 8 14 2 0 0 卅仄
85 8 14 2 0 0 升仇欠
85 8 14 2 0 0 仍午
85 8 14 2 0 0 礎
85 8 14 2 0 0 迕
85 8 14 2 0 0 綜曰
85 8 14 2 0 0 勿仁曰
85 8 14 2 0 0 滇
85 8 14 2 0 0 今氏
186 155 999 0 0 0 卞手
186 156 999 0 0 0 手及
186 157 999 0 0 0 支卞
186 157 999 0 0 0 支手
187 158 999 0 0 0 及卞
186 159 999 0 0 0 尺氏匹
186 158 999 0 3 1 云中仁
186 158 999 0 3 2 云中仁
186 158 999 0 3 3 云中仁
186 158 999 0 3 4 云中仁
186 158 999 0 3 5 云中仁
186 158 999 0 3 6 云中仁
186 160 999 0 3 7 云中仁
186 158 999 0 3 8 云中仁
186 158 999 0 3 9 云中仁
186 158 999 0 3 10 云中仁
186 158 999 0 3 11 云中仁
186 158 999 0 3 12 云中仁
186 158 999 0 3 13 云中仁
186 158 999 0 3 14 云中仁
186 158 999 0 1 1 云仁木月
186 158 999 0 1 2 云仁木月
186 158 999 0 1 3 云仁木月
186 158 999 0 1 4 云仁木月
186 158 999 0 1 5 云仁木月
186 158 999 0 1 6 云仁木月
186 160 999 0 1 7 云仁木月
186 158 999 0 1 8 云仁木月
186 158 999 0 1 9 云仁木月
186 158 999 0 1 10 云仁木月
186 158 999 0 1 11 云仁木月
186 158 999 0 1 12 云仁木月
186 158 999 0 1 13 云仁木月
186 158 999 0 1 14 云仁木月
186 158 999 0 1 15 云仁木月
186 158 999 0 12 1 云手日丹
186 158 999 0 12 2 云手日丹
186 158 999 0 12 3 云手日丹
186 158 999 0 12 4 云手日丹
186 158 999 0 12 5 云手日丹
186 158 999 0 12 6 云手日丹
186 160 999 0 12 7 云手日丹
186 158 999 0 12 8 云手日丹
186 158 999 0 12 9 云手日丹
186 158 999 0 12 10 云手日丹
186 158 999 0 12 11 云手日丹
186 158 999 0 12 12 云手日丹
186 158 999 0 12 13 云手日丹
186 158 999 0 12 14 云手日丹
186 158 999 0 12 1 云仄引丹
186 158 999 0 12 2 云仄引丹
186 158 999 0 12 3 云仄引丹
186 158 999 0 12 4 云仄引丹
186 158 999 0 12 5 云仄引丹
186 158 999 0 12 6 云仄引丹
186 160 999 0 12 7 云仄引丹
186 158 999 0 12 8 云仄引丹
186 158 999 0 12 9 云仄引丹
186 158 999 0 12 10 云仄引丹
186 158 999 0 12 11 云仄引丹
186 158 999 0 12 12 云仄引丹
186 158 999 0 12 13 云仄引丹
186 158 999 0 12 14 云仄引丹
186 160 999 0 1 1 反中月
186 160 999 0 1 2 反中月
186 160 999 0 1 3 反中月
186 160 999 0 1 4 反中月
186 160 999 0 1 5 反中月
186 160 999 0 1 6 反中月
186 160 999 0 1 7 反中月
186 160 999 0 1 8 反中月
186 160 999 0 1 9 反中月
186 160 999 0 1 10 反中月
186 160 999 0 1 11 反中月
186 160 999 0 1 12 反中月
186 160 999 0 1 13 反中月
186 160 999 0 1 14 反中月
186 160 999 0 1 15 反中月
186 160 999 0 1 1 手中月
186 160 999 0 1 2 手中月
186 160 999 0 1 3 手中月
186 160 999 0 1 4 手中月
186 160 999 0 1 5 手中月
186 160 999 0 1 6 手中月
186 160 999 0 1 7 手中月
186 160 999 0 1 8 手中月
186 160 999 0 1 9 手中月
186 160 999 0 1 10 手中月
186 160 999 0 1 11 手中月
186 160 999 0 1 12 手中月
186 160 999 0 1 13 手中月
186 160 999 0 1 14 手中月
186 160 999 0 1 15 手中月
186 160 999 0 1 1 允日中月
186 160 999 0 1 2 允日中月
186 160 999 0 1 3 允日中月
186 160 999 0 1 4 允日中月
186 160 999 0 1 5 允日中月
186 160 999 0 1 6 允日中月
186 160 999 0 1 7 允日中月
186 160 999 0 1 8 允日中月
186 160 999 0 1 9 允日中月
186 160 999 0 1 10 允日中月
186 160 999 0 1 11 允日中月
186 160 999 0 1 12 允日中月
186 160 999 0 1 13 允日中月
186 160 999 0 1 14 允日中月
186 160 999 0 1 15 允日中月
186 160 999 0 1 1 今尹中月
186 160 999 0 1 2 今尹中月
186 160 999 0 1 3 今尹中月
186 160 999 0 1 4 今尹中月
186 160 999 0 1 5 今尹中月
186 160 999 0 1 6 今尹中月
186 160 999 0 1 7 今尹中月
186 160 999 0 1 8 今尹中月
186 160 999 0 1 9 今尹中月
186 160 999 0 1 10 今尹中月
186 160 999 0 1 11 今尹中月
186 160 999 0 1 12 今尹中月
186 160 999 0 1 13 今尹中月
186 160 999 0 1 14 今尹中月
186 160 999 0 1 15 今尹中月
186 160 999 0 1 1 反心月
186 160 999 0 1 2 反心月
186 160 999 0 1 3 反心月
186 160 999 0 1 4 反心月
186 160 999 0 1 5 反心月
186 160 999 0 1 6 反心月
186 160 999 0 1 7 反心月
186 160 999 0 1 8 反心月
186 160 999 0 1 9 反心月
186 160 999 0 1 10 反心月
186 160 999 0 1 11 反心月
186 160 999 0 1 12 反心月
186 160 999 0 1 13 反心月
186 160 999 0 1 14 反心月
186 160 999 0 1 15 反心月
186 160 999 0 1 1 手心月
186 160 999 0 1 2 手心月
186 160 999 0 1 3 手心月
186 160 999 0 1 4 手心月
186 160 999 0 1 5 手心月
186 160 999 0 1 6 手心月
186 160 999 0 1 7 手心月
186 160 999 0 1 8 手心月
186 160 999 0 1 9 手心月
186 160 999 0 1 10 手心月
186 160 999 0 1 11 手心月
186 160 999 0 1 12 手心月
186 160 999 0 1 13 手心月
186 160 999 0 1 14 手心月
186 160 999 0 1 15 手心月
186 160 999 0 1 1 允日心月
186 160 999 0 1 2 允日心月
186 160 999 0 1 3 允日心月
186 160 999 0 1 4 允日心月
186 160 999 0 1 5 允日心月
186 160 999 0 1 6 允日心月
186 160 999 0 1 7 允日心月
186 160 999 0 1 8 允日心月
186 160 999 0 1 9 允日心月
186 160 999 0 1 10 允日心月
186 160 999 0 1 11 允日心月
186 160 999 0 1 12 允日心月
186 160 999 0 1 13 允日心月
186 160 999 0 1 14 允日心月
186 160 999 0 1 15 允日心月
186 160 999 0 1 1 今尹心月
186 160 999 0 1 2 今尹心月
186 160 999 0 1 3 今尹心月
186 160 999 0 1 4 今尹心月
186 160 999 0 1 5 今尹心月
186 160 999 0 1 6 今尹心月
186 160 999 0 1 7 今尹心月
186 160 999 0 1 8 今尹心月
186 160 999 0 1 9 今尹心月
186 160 999 0 1 10 今尹心月
186 160 999 0 1 11 今尹心月
186 160 999 0 1 12 今尹心月
186 160 999 0 1 13 今尹心月
186 160 999 0 1 14 今尹心月
186 160 999 0 1 15 今尹心月
186 160 999 0 14 1 反仁月
186 160 999 0 14 2 反仁月
186 160 999 0 14 3 反仁月
186 160 999 0 14 4 反仁月
186 160 999 0 14 5 反仁月
186 160 999 0 14 6 反仁月
186 160 999 0 14 7 反仁月
186 160 999 0 14 8 反仁月
186 160 999 0 14 9 反仁月
186 160 999 0 14 10 反仁月
186 160 999 0 14 11 反仁月
186 160 999 0 14 12 反仁月
186 160 999 0 14 13 反仁月
186 160 999 0 14 14 反仁月
186 160 999 0 14 1 手仁月
186 160 999 0 14 2 手仁月
186 160 999 0 14 3 手仁月
186 160 999 0 14 4 手仁月
186 160 999 0 14 5 手仁月
186 160 999 0 14 6 手仁月
186 160 999 0 14 7 手仁月
186 160 999 0 14 8 手仁月
186 160 999 0 14 9 手仁月
186 160 999 0 14 10 手仁月
186 160 999 0 14 11 手仁月
186 160 999 0 14 12 手仁月
186 160 999 0 14 13 手仁月
186 160 999 0 14 14 手仁月
186 160 999 0 14 1 允日仁月
186 160 999 0 14 2 允日仁月
186 160 999 0 14 3 允日仁月
186 160 999 0 14 4 允日仁月
186 160 999 0 14 5 允日仁月
186 160 999 0 14 6 允日仁月
186 160 999 0 14 7 允日仁月
186 160 999 0 14 8 允日仁月
186 160 999 0 14 9 允日仁月
186 160 999 0 14 10 允日仁月
186 160 999 0 14 11 允日仁月
186 160 999 0 14 12 允日仁月
186 160 999 0 14 13 允日仁月
186 160 999 0 14 14 允日仁月
186 160 999 0 14 1 今尹仁月
186 160 999 0 14 2 今尹仁月
186 160 999 0 14 3 今尹仁月
186 160 999 0 14 4 今尹仁月
186 160 999 0 14 5 今尹仁月
186 160 999 0 14 6 今尹仁月
186 160 999 0 14 7 今尹仁月
186 160 999 0 14 8 今尹仁月
186 160 999 0 14 9 今尹仁月
186 160 999 0 14 10 今尹仁月
186 160 999 0 14 11 今尹仁月
186 160 999 0 14 12 今尹仁月
186 160 999 0 14 13 今尹仁月
186 160 999 0 14 14 今尹仁月
186 160 999 0 2 1 反云仁
186 160 999 0 2 2 反云仁
186 160 999 0 2 3 反云仁
186 160 999 0 2 4 反云仁
186 160 999 0 2 5 反云仁
186 160 999 0 2 6 反云仁
186 160 999 0 2 7 反云仁
186 160 999 0 2 8 反云仁
186 160 999 0 2 9 反云仁
186 160 999 0 2 10 反云仁
186 160 999 0 2 11 反云仁
186 160 999 0 2 12 反云仁
186 160 999 0 2 13 反云仁
186 160 999 0 2 14 反云仁
186 160 999 0 2 1 手云仁
186 160 999 0 2 2 手云仁
186 160 999 0 2 3 手云仁
186 160 999 0 2 4 手云仁
186 160 999 0 2 5 手云仁
186 160 999 0 2 6 手云仁
186 160 999 0 2 7 手云仁
186 160 999 0 2 8 手云仁
186 160 999 0 2 9 手云仁
186 160 999 0 2 10 手云仁
186 160 999 0 2 11 手云仁
186 160 999 0 2 12 手云仁
186 160 999 0 2 13 手云仁
186 160 999 0 2 14 手云仁
186 160 999 0 2 1 允日云仁
186 160 999 0 2 2 允日云仁
186 160 999 0 2 3 允日云仁
186 160 999 0 2 4 允日云仁
186 160 999 0 2 5 允日云仁
186 160 999 0 2 6 允日云仁
186 160 999 0 2 7 允日云仁
186 160 999 0 2 8 允日云仁
186 160 999 0 2 9 允日云仁
186 160 999 0 2 10 允日云仁
186 160 999 0 2 11 允日云仁
186 160 999 0 2 12 允日云仁
186 160 999 0 2 13 允日云仁
186 160 999 0 2 14 允日云仁
186 160 999 0 2 1 今尹云仁
186 160 999 0 2 2 今尹云仁
186 160 999 0 2 3 今尹云仁
186 160 999 0 2 4 今尹云仁
186 160 999 0 2 5 今尹云仁
186 160 999 0 2 6 今尹云仁
186 160 999 0 2 7 今尹云仁
186 160 999 0 2 8 今尹云仁
186 160 999 0 2 9 今尹云仁
186 160 999 0 2 10 今尹云仁
186 160 999 0 2 11 今尹云仁
186 160 999 0 2 12 今尹云仁
186 160 999 0 2 13 今尹云仁
186 160 999 0 2 14 今尹云仁
186 160 999 0 10 1 反云月
186 160 999 0 10 2 反云月
186 160 999 0 10 3 反云月
186 160 999 0 10 4 反云月
186 160 999 0 10 5 反云月
186 160 999 0 10 6 反云月
186 160 999 0 10 7 反云月
186 160 999 0 10 8 反云月
186 160 999 0 10 9 反云月
186 160 999 0 10 10 反云月
186 160 999 0 10 11 反云月
186 160 999 0 10 12 反云月
186 160 999 0 10 13 反云月
186 160 999 0 10 14 反云月
186 160 999 0 10 1 手云月
186 160 999 0 10 2 手云月
186 160 999 0 10 3 手云月
186 160 999 0 10 4 手云月
186 160 999 0 10 5 手云月
186 160 999 0 10 6 手云月
186 160 999 0 10 7 手云月
186 160 999 0 10 8 手云月
186 160 999 0 10 9 手云月
186 160 999 0 10 10 手云月
186 160 999 0 10 11 手云月
186 160 999 0 10 12 手云月
186 160 999 0 10 13 手云月
186 160 999 0 10 14 手云月
186 160 999 0 10 1 允日云月
186 160 999 0 10 2 允日云月
186 160 999 0 10 3 允日云月
186 160 999 0 10 4 允日云月
186 160 999 0 10 5 允日云月
186 160 999 0 10 6 允日云月
186 160 999 0 10 7 允日云月
186 160 999 0 10 8 允日云月
186 160 999 0 10 9 允日云月
186 160 999 0 10 10 允日云月
186 160 999 0 10 11 允日云月
186 160 999 0 10 12 允日云月
186 160 999 0 10 13 允日云月
186 160 999 0 10 14 允日云月
186 160 999 0 10 1 今尹云月
186 160 999 0 10 2 今尹云月
186 160 999 0 10 3 今尹云月
186 160 999 0 10 4 今尹云月
186 160 999 0 10 5 今尹云月
186 160 999 0 10 6 今尹云月
186 160 999 0 10 7 今尹云月
186 160 999 0 10 8 今尹云月
186 160 999 0 10 9 今尹云月
186 160 999 0 10 10 今尹云月
186 160 999 0 10 11 今尹云月
186 160 999 0 10 12 今尹云月
186 160 999 0 10 13 今尹云月
186 160 999 0 10 14 今尹云月
186 160 999 0 3 1 反中仁
186 160 999 0 3 2 反中仁
186 160 999 0 3 3 反中仁
186 160 999 0 3 4 反中仁
186 160 999 0 3 5 反中仁
186 160 999 0 3 6 反中仁
186 160 999 0 3 7 反中仁
186 160 999 0 3 8 反中仁
186 160 999 0 3 9 反中仁
186 160 999 0 3 10 反中仁
186 160 999 0 3 11 反中仁
186 160 999 0 3 12 反中仁
186 160 999 0 3 13 反中仁
186 160 999 0 3 14 反中仁
186 160 999 0 3 1 手中仁
186 160 999 0 3 2 手中仁
186 160 999 0 3 3 手中仁
186 160 999 0 3 4 手中仁
186 160 999 0 3 5 手中仁
186 160 999 0 3 6 手中仁
186 160 999 0 3 7 手中仁
186 160 999 0 3 8 手中仁
186 160 999 0 3 9 手中仁
186 160 999 0 3 10 手中仁
186 160 999 0 3 11 手中仁
186 160 999 0 3 12 手中仁
186 160 999 0 3 13 手中仁
186 160 999 0 3 14 手中仁
186 160 999 0 3 1 允日中仁
186 160 999 0 3 2 允日中仁
186 160 999 0 3 3 允日中仁
186 160 999 0 3 4 允日中仁
186 160 999 0 3 5 允日中仁
186 160 999 0 3 6 允日中仁
186 160 999 0 3 7 允日中仁
186 160 999 0 3 8 允日中仁
186 160 999 0 3 9 允日中仁
186 160 999 0 3 10 允日中仁
186 160 999 0 3 11 允日中仁
186 160 999 0 3 12 允日中仁
186 160 999 0 3 13 允日中仁
186 160 999 0 3 14 允日中仁
186 160 999 0 3 1 今尹中仁
186 160 999 0 3 2 今尹中仁
186 160 999 0 3 3 今尹中仁
186 160 999 0 3 4 今尹中仁
186 160 999 0 3 5 今尹中仁
186 160 999 0 3 6 今尹中仁
186 160 999 0 3 7 今尹中仁
186 160 999 0 3 8 今尹中仁
186 160 999 0 3 9 今尹中仁
186 160 999 0 3 10 今尹中仁
186 160 999 0 3 11 今尹中仁
186 160 999 0 3 12 今尹中仁
186 160 999 0 3 13 今尹中仁
186 160 999 0 3 14 今尹中仁
186 160 999 0 1 1 反仁木月
186 160 999 0 1 2 反仁木月
186 160 999 0 1 3 反仁木月
186 160 999 0 1 4 反仁木月
186 160 999 0 1 5 反仁木月
186 160 999 0 1 6 反仁木月
186 160 999 0 1 7 反仁木月
186 160 999 0 1 8 反仁木月
186 160 999 0 1 9 反仁木月
186 160 999 0 1 10 反仁木月
186 160 999 0 1 11 反仁木月
186 160 999 0 1 12 反仁木月
186 160 999 0 1 13 反仁木月
186 160 999 0 1 14 反仁木月
186 160 999 0 1 15 反仁木月
186 160 999 0 1 1 手仁木月
186 160 999 0 1 2 手仁木月
186 160 999 0 1 3 手仁木月
186 160 999 0 1 4 手仁木月
186 160 999 0 1 5 手仁木月
186 160 999 0 1 6 手仁木月
186 160 999 0 1 7 手仁木月
186 160 999 0 1 8 手仁木月
186 160 999 0 1 9 手仁木月
186 160 999 0 1 10 手仁木月
186 160 999 0 1 11 手仁木月
186 160 999 0 1 12 手仁木月
186 160 999 0 1 13 手仁木月
186 160 999 0 1 14 手仁木月
186 160 999 0 1 15 手仁木月
186 160 999 0 1 1 允日仁木月
186 160 999 0 1 2 允日仁木月
186 160 999 0 1 3 允日仁木月
186 160 999 0 1 4 允日仁木月
186 160 999 0 1 5 允日仁木月
186 160 999 0 1 6 允日仁木月
186 160 999 0 1 7 允日仁木月
186 160 999 0 1 8 允日仁木月
186 160 999 0 1 9 允日仁木月
186 160 999 0 1 10 允日仁木月
186 160 999 0 1 11 允日仁木月
186 160 999 0 1 12 允日仁木月
186 160 999 0 1 13 允日仁木月
186 160 999 0 1 14 允日仁木月
186 160 999 0 1 15 允日仁木月
186 160 999 0 1 1 今尹仁木月
186 160 999 0 1 2 今尹仁木月
186 160 999 0 1 3 今尹仁木月
186 160 999 0 1 4 今尹仁木月
186 160 999 0 1 5 今尹仁木月
186 160 999 0 1 6 今尹仁木月
186 160 999 0 1 7 今尹仁木月
186 160 999 0 1 8 今尹仁木月
186 160 999 0 1 9 今尹仁木月
186 160 999 0 1 10 今尹仁木月
186 160 999 0 1 11 今尹仁木月
186 160 999 0 1 12 今尹仁木月
186 160 999 0 1 13 今尹仁木月
186 160 999 0 1 14 今尹仁木月
186 160 999 0 1 15 今尹仁木月
186 160 999 0 12 1 反手日丹
186 160 999 0 12 2 反手日丹
186 160 999 0 12 3 反手日丹
186 160 999 0 12 4 反手日丹
186 160 999 0 12 5 反手日丹
186 160 999 0 12 6 反手日丹
186 160 999 0 12 7 反手日丹
186 160 999 0 12 8 反手日丹
186 160 999 0 12 9 反手日丹
186 160 999 0 12 10 反手日丹
186 160 999 0 12 11 反手日丹
186 160 999 0 12 12 反手日丹
186 160 999 0 12 13 反手日丹
186 160 999 0 12 14 反手日丹
186 160 999 0 12 1 手手日丹
186 160 999 0 12 2 手手日丹
186 160 999 0 12 3 手手日丹
186 160 999 0 12 4 手手日丹
186 160 999 0 12 5 手手日丹
186 160 999 0 12 6 手手日丹
186 160 999 0 12 7 手手日丹
186 160 999 0 12 8 手手日丹
186 160 999 0 12 9 手手日丹
186 160 999 0 12 10 手手日丹
186 160 999 0 12 11 手手日丹
186 160 999 0 12 12 手手日丹
186 160 999 0 12 13 手手日丹
186 160 999 0 12 14 手手日丹
186 160 999 0 12 1 允日手日丹
186 160 999 0 12 2 允日手日丹
186 160 999 0 12 3 允日手日丹
186 160 999 0 12 4 允日手日丹
186 160 999 0 12 5 允日手日丹
186 160 999 0 12 6 允日手日丹
186 160 999 0 12 7 允日手日丹
186 160 999 0 12 8 允日手日丹
186 160 999 0 12 9 允日手日丹
186 160 999 0 12 10 允日手日丹
186 160 999 0 12 11 允日手日丹
186 160 999 0 12 12 允日手日丹
186 160 999 0 12 13 允日手日丹
186 160 999 0 12 14 允日手日丹
186 160 999 0 12 1 今尹手日丹
186 160 999 0 12 2 今尹手日丹
186 160 999 0 12 3 今尹手日丹
186 160 999 0 12 4 今尹手日丹
186 160 999 0 12 5 今尹手日丹
186 160 999 0 12 6 今尹手日丹
186 160 999 0 12 7 今尹手日丹
186 160 999 0 12 8 今尹手日丹
186 160 999 0 12 9 今尹手日丹
186 160 999 0 12 10 今尹手日丹
186 160 999 0 12 11 今尹手日丹
186 160 999 0 12 12 今尹手日丹
186 160 999 0 12 13 今尹手日丹
186 160 999 0 12 14 今尹手日丹
186 161 999 0 16 1 反允月
186 161 999 0 16 2 反允月
186 161 999 0 16 3 反允月
186 161 999 0 16 4 反允月
186 161 999 0 16 5 反允月
186 161 999 0 16 6 反允月
186 161 999 0 16 7 反允月
186 161 999 0 16 8 反允月
186 161 999 0 16 9 反允月
186 161 999 0 16 10 反允月
186 161 999 0 16 11 反允月
186 161 999 0 16 12 反允月
186 161 999 0 16 13 反允月
186 161 999 0 16 14 反允月
186 161 999 0 16 15 反允月
186 161 999 0 16 16 反允月
186 161 999 0 16 17 反允月
186 161 999 0 16 1 手允月
186 161 999 0 16 2 手允月
186 161 999 0 16 3 手允月
186 161 999 0 16 4 手允月
186 161 999 0 16 5 手允月
186 161 999 0 16 6 手允月
186 161 999 0 16 7 手允月
186 161 999 0 16 8 手允月
186 161 999 0 16 9 手允月
186 161 999 0 16 10 手允月
186 161 999 0 16 11 手允月
186 161 999 0 16 12 手允月
186 161 999 0 16 13 手允月
186 161 999 0 16 14 手允月
186 161 999 0 16 15 手允月
186 161 999 0 16 16 手允月
186 161 999 0 16 17 手允月
186 161 999 0 16 1 允日允月
186 161 999 0 16 2 允日允月
186 161 999 0 16 3 允日允月
186 161 999 0 16 4 允日允月
186 161 999 0 16 5 允日允月
186 161 999 0 16 6 允日允月
186 161 999 0 16 7 允日允月
186 161 999 0 16 8 允日允月
186 161 999 0 16 9 允日允月
186 161 999 0 16 10 允日允月
186 161 999 0 16 11 允日允月
186 161 999 0 16 12 允日允月
186 161 999 0 16 13 允日允月
186 161 999 0 16 14 允日允月
186 161 999 0 16 15 允日允月
186 161 999 0 16 16 允日允月
186 161 999 0 16 17 允日允月
186 161 999 0 16 1 今尹允月
186 161 999 0 16 2 今尹允月
186 161 999 0 16 3 今尹允月
186 161 999 0 16 4 今尹允月
186 161 999 0 16 5 今尹允月
186 161 999 0 16 6 今尹允月
186 161 999 0 16 7 今尹允月
186 161 999 0 16 8 今尹允月
186 161 999 0 16 9 今尹允月
186 161 999 0 16 10 今尹允月
186 161 999 0 16 11 今尹允月
186 161 999 0 16 12 今尹允月
186 161 999 0 16 13 今尹允月
186 161 999 0 16 14 今尹允月
186 161 999 0 16 15 今尹允月
186 161 999 0 16 16 今尹允月
186 161 999 0 16 17 今尹允月
186 162 999 0 10 1 反卅月
186 162 999 0 10 2 反卅月
186 162 999 0 10 3 反卅月
186 162 999 0 10 4 反卅月
186 162 999 0 10 5 反卅月
186 162 999 0 10 6 反卅月
186 162 999 0 10 7 反卅月
186 162 999 0 10 8 反卅月
186 162 999 0 10 9 反卅月
186 162 999 0 10 10 反卅月
186 162 999 0 10 11 反卅月
186 162 999 0 10 12 反卅月
186 162 999 0 10 13 反卅月
186 162 999 0 10 14 反卅月
186 162 999 0 10 1 手卅月
186 162 999 0 10 2 手卅月
186 162 999 0 10 3 手卅月
186 162 999 0 10 4 手卅月
186 162 999 0 10 5 手卅月
186 162 999 0 10 6 手卅月
186 162 999 0 10 7 手卅月
186 162 999 0 10 8 手卅月
186 162 999 0 10 9 手卅月
186 162 999 0 10 10 手卅月
186 162 999 0 10 11 手卅月
186 162 999 0 10 12 手卅月
186 162 999 0 10 13 手卅月
186 162 999 0 10 14 手卅月
186 162 999 0 10 1 允日卅月
186 162 999 0 10 2 允日卅月
186 162 999 0 10 3 允日卅月
186 162 999 0 10 4 允日卅月
186 162 999 0 10 5 允日卅月
186 162 999 0 10 6 允日卅月
186 162 999 0 10 7 允日卅月
186 162 999 0 10 8 允日卅月
186 162 999 0 10 9 允日卅月
186 162 999 0 10 10 允日卅月
186 162 999 0 10 11 允日卅月
186 162 999 0 10 12 允日卅月
186 162 999 0 10 13 允日卅月
186 162 999 0 10 14 允日卅月
186 162 999 0 10 1 今尹卅月
186 162 999 0 10 2 今尹卅月
186 162 999 0 10 3 今尹卅月
186 162 999 0 10 4 今尹卅月
186 162 999 0 10 5 今尹卅月
186 162 999 0 10 6 今尹卅月
186 162 999 0 10 7 今尹卅月
186 162 999 0 10 8 今尹卅月
186 162 999 0 10 9 今尹卅月
186 162 999 0 10 10 今尹卅月
186 162 999 0 10 11 今尹卅月
186 162 999 0 10 12 今尹卅月
186 162 999 0 10 13 今尹卅月
186 162 999 0 10 14 今尹卅月
186 163 999 0 18 1 反卅中
186 163 999 0 18 2 反卅中
186 163 999 0 18 3 反卅中
186 163 999 0 18 4 反卅中
186 163 999 0 18 5 反卅中
186 163 999 0 18 6 反卅中
186 163 999 0 18 7 反卅中
186 163 999 0 18 8 反卅中
186 163 999 0 18 9 反卅中
186 163 999 0 18 10 反卅中
186 163 999 0 18 11 反卅中
186 163 999 0 18 12 反卅中
186 163 999 0 18 13 反卅中
186 163 999 0 18 14 反卅中
186 163 999 0 18 15 反卅中
186 163 999 0 18 16 反卅中
186 163 999 0 18 17 反卅中
186 163 999 0 18 18 反卅中
186 163 999 0 18 19 反卅中
186 163 999 0 18 20 反卅中
186 163 999 0 18 1 手卅中
186 163 999 0 18 2 手卅中
186 163 999 0 18 3 手卅中
186 163 999 0 18 4 手卅中
186 163 999 0 18 5 手卅中
186 163 999 0 18 6 手卅中
186 163 999 0 18 7 手卅中
186 163 999 0 18 8 手卅中
186 163 999 0 18 9 手卅中
186 163 999 0 18 10 手卅中
186 163 999 0 18 11 手卅中
186 163 999 0 18 12 手卅中
186 163 999 0 18 13 手卅中
186 163 999 0 18 14 手卅中
186 163 999 0 18 15 手卅中
186 163 999 0 18 16 手卅中
186 163 999 0 18 17 手卅中
186 163 999 0 18 18 手卅中
186 163 999 0 18 19 手卅中
186 163 999 0 18 20 手卅中
186 163 999 0 18 1 允日卅中
186 163 999 0 18 2 允日卅中
186 163 999 0 18 3 允日卅中
186 163 999 0 18 4 允日卅中
186 163 999 0 18 5 允日卅中
186 163 999 0 18 6 允日卅中
186 163 999 0 18 7 允日卅中
186 163 999 0 18 8 允日卅中
186 163 999 0 18 9 允日卅中
186 163 999 0 18 10 允日卅中
186 163 999 0 18 11 允日卅中
186 163 999 0 18 12 允日卅中
186 163 999 0 18 13 允日卅中
186 163 999 0 18 14 允日卅中
186 163 999 0 18 15 允日卅中
186 163 999 0 18 16 允日卅中
186 163 999 0 18 17 允日卅中
186 163 999 0 18 18 允日卅中
186 163 999 0 18 19 允日卅中
186 163 999 0 18 20 允日卅中
186 163 999 0 18 1 今尹卅中
186 163 999 0 18 2 今尹卅中
186 163 999 0 18 3 今尹卅中
186 163 999 0 18 4 今尹卅中
186 163 999 0 18 5 今尹卅中
186 163 999 0 18 6 今尹卅中
186 163 999 0 18 7 今尹卅中
186 163 999 0 18 8 今尹卅中
186 163 999 0 18 9 今尹卅中
186 163 999 0 18 10 今尹卅中
186 163 999 0 18 11 今尹卅中
186 163 999 0 18 12 今尹卅中
186 163 999 0 18 13 今尹卅中
186 163 999 0 18 14 今尹卅中
186 163 999 0 18 15 今尹卅中
186 163 999 0 18 16 今尹卅中
186 163 999 0 18 17 今尹卅中
186 163 999 0 18 18 今尹卅中
186 163 999 0 18 19 今尹卅中
186 163 999 0 18 20 今尹卅中
186 164 999 0 10 1 反丐月
186 164 999 0 10 2 反丐月
186 164 999 0 10 3 反丐月
186 164 999 0 10 4 反丐月
186 164 999 0 10 5 反丐月
186 164 999 0 10 6 反丐月
186 164 999 0 10 7 反丐月
186 164 999 0 10 8 反丐月
186 164 999 0 10 9 反丐月
186 164 999 0 10 10 反丐月
186 164 999 0 10 11 反丐月
186 164 999 0 10 12 反丐月
186 164 999 0 10 13 反丐月
186 164 999 0 10 14 反丐月
186 164 999 0 10 1 手丐月
186 164 999 0 10 2 手丐月
186 164 999 0 10 3 手丐月
186 164 999 0 10 4 手丐月
186 164 999 0 10 5 手丐月
186 164 999 0 10 6 手丐月
186 164 999 0 10 7 手丐月
186 164 999 0 10 8 手丐月
186 164 999 0 10 9 手丐月
186 164 999 0 10 10 手丐月
186 164 999 0 10 11 手丐月
186 164 999 0 10 12 手丐月
186 164 999 0 10 13 手丐月
186 164 999 0 10 14 手丐月
186 164 999 0 10 1 允日丐月
186 164 999 0 10 2 允日丐月
186 164 999 0 10 3 允日丐月
186 164 999 0 10 4 允日丐月
186 164 999 0 10 5 允日丐月
186 164 999 0 10 6 允日丐月
186 164 999 0 10 7 允日丐月
186 164 999 0 10 8 允日丐月
186 164 999 0 10 9 允日丐月
186 164 999 0 10 10 允日丐月
186 164 999 0 10 11 允日丐月
186 164 999 0 10 12 允日丐月
186 164 999 0 10 13 允日丐月
186 164 999 0 10 14 允日丐月
186 164 999 0 10 1 今尹丐月
186 164 999 0 10 2 今尹丐月
186 164 999 0 10 3 今尹丐月
186 164 999 0 10 4 今尹丐月
186 164 999 0 10 5 今尹丐月
186 164 999 0 10 6 今尹丐月
186 164 999 0 10 7 今尹丐月
186 164 999 0 10 8 今尹丐月
186 164 999 0 10 9 今尹丐月
186 164 999 0 10 10 今尹丐月
186 164 999 0 10 11 今尹丐月
186 164 999 0 10 12 今尹丐月
186 164 999 0 10 13 今尹丐月
186 164 999 0 10 14 今尹丐月
186 165 999 0 18 1 匹反卅中
186 165 999 0 18 2 匹反卅中
186 165 999 0 18 3 匹反卅中
186 165 999 0 18 4 匹反卅中
186 165 999 0 18 5 匹反卅中
186 165 999 0 18 6 匹反卅中
186 165 999 0 18 7 匹反卅中
186 165 999 0 18 8 匹反卅中
186 165 999 0 18 9 匹反卅中
186 165 999 0 18 10 匹反卅中
186 165 999 0 18 11 匹反卅中
186 165 999 0 18 12 匹反卅中
186 165 999 0 18 13 匹反卅中
186 165 999 0 18 14 匹反卅中
186 165 999 0 18 15 匹反卅中
186 165 999 0 18 16 匹反卅中
186 165 999 0 18 17 匹反卅中
186 165 999 0 18 18 匹反卅中
186 165 999 0 18 19 匹反卅中
186 165 999 0 18 20 匹反卅中
186 165 999 0 18 1 元扎卅中
186 165 999 0 18 2 元扎卅中
186 165 999 0 18 3 元扎卅中
186 165 999 0 18 4 元扎卅中
186 165 999 0 18 5 元扎卅中
186 165 999 0 18 6 元扎卅中
186 165 999 0 18 7 元扎卅中
186 165 999 0 18 8 元扎卅中
186 165 999 0 18 9 元扎卅中
186 165 999 0 18 10 元扎卅中
186 165 999 0 18 11 元扎卅中
186 165 999 0 18 12 元扎卅中
186 165 999 0 18 13 元扎卅中
186 165 999 0 18 14 元扎卅中
186 165 999 0 18 15 元扎卅中
186 165 999 0 18 16 元扎卅中
186 165 999 0 18 17 元扎卅中
186 165 999 0 18 18 元扎卅中
186 165 999 0 18 19 元扎卅中
186 165 999 0 18 20 元扎卅中
186 165 999 0 18 1 匹手卅中
186 165 999 0 18 2 匹手卅中
186 165 999 0 18 3 匹手卅中
186 165 999 0 18 4 匹手卅中
186 165 999 0 18 5 匹手卅中
186 165 999 0 18 6 匹手卅中
186 165 999 0 18 7 匹手卅中
186 165 999 0 18 8 匹手卅中
186 165 999 0 18 9 匹手卅中
186 165 999 0 18 10 匹手卅中
186 165 999 0 18 11 匹手卅中
186 165 999 0 18 12 匹手卅中
186 165 999 0 18 13 匹手卅中
186 165 999 0 18 14 匹手卅中
186 165 999 0 18 15 匹手卅中
186 165 999 0 18 16 匹手卅中
186 165 999 0 18 17 匹手卅中
186 165 999 0 18 18 匹手卅中
186 165 999 0 18 19 匹手卅中
186 165 999 0 18 20 匹手卅中
186 158 999 0 12 1 午反中尹
186 158 999 0 12 2 午反中尹
186 158 999 0 12 3 午反中尹
186 158 999 0 12 4 午反中尹
188 158 999 0 12 5 午反中尹
186 158 999 0 12 6 午反中尹
186 158 999 0 12 7 午反中尹
186 158 999 0 12 8 午反中尹
186 158 999 0 12 9 午反中尹
186 158 999 0 12 10 午反中尹
186 158 999 0 12 11 午反中尹
186 158 999 0 12 12 午反中尹
186 158 999 0 12 13 午反中尹
186 158 999 0 12 14 午反中尹
186 166 999 0 18 1 卅日卅中
186 166 999 0 18 2 卅日卅中
186 166 999 0 18 3 卅日卅中
186 166 999 0 18 4 卅日卅中
186 166 999 0 18 5 卅日卅中
186 166 999 0 18 6 卅日卅中
186 166 999 0 18 7 卅日卅中
186 166 999 0 18 8 卅日卅中
186 166 999 0 18 9 卅日卅中
186 166 999 0 18 10 卅日卅中
186 166 999 0 18 11 卅日卅中
186 166 999 0 18 12 卅日卅中
186 166 999 0 18 13 卅日卅中
186 166 999 0 18 14 卅日卅中
186 166 999 0 18 15 卅日卅中
186 166 999 0 18 16 卅日卅中
186 166 999 0 18 17 卅日卅中
186 166 999 0 18 18 卅日卅中
186 166 999 0 18 19 卅日卅中
186 166 999 0 18 20 卅日卅中
186 167 999 0 18 1 仄方丹互卅中
186 167 999 0 18 2 仄方丹互卅中
186 167 999 0 18 3 仄方丹互卅中
186 167 999 0 18 4 仄方丹互卅中
186 167 999 0 18 5 仄方丹互卅中
186 167 999 0 18 6 仄方丹互卅中
186 167 999 0 18 7 仄方丹互卅中
186 167 999 0 18 8 仄方丹互卅中
186 167 999 0 18 9 仄方丹互卅中
186 167 999 0 18 10 仄方丹互卅中
186 167 999 0 18 11 仄方丹互卅中
186 167 999 0 18 12 仄方丹互卅中
186 167 999 0 18 13 仄方丹互卅中
186 167 999 0 18 14 仄方丹互卅中
186 167 999 0 18 15 仄方丹互卅中
186 167 999 0 18 16 仄方丹互卅中
186 167 999 0 18 17 仄方丹互卅中
186 167 999 0 18 18 仄方丹互卅中
186 167 999 0 18 19 仄方丹互卅中
186 167 999 0 18 20 仄方丹互卅中
17 86 1 0 0 0 *
189 168 1 1 0 0 *
190 169 1 2 0 0 *
191 170 1 3 0 0 *
192 171 1 4 0 0 *
193 172 1 5 0 0 *
194 173 1 6 0 0 *
17 140 2 0 1 1 *
18 140 2 0 1 2 *
80 141 2 0 1 3 *
20 140 2 0 1 4 *
3 140 2 0 1 5 *
5 140 2 0 1 6 *
81 142 2 0 1 7 *
23 140 2 0 1 8 *
8 140 2 0 1 9 *
9 140 2 0 1 10 *
24 140 2 0 1 11 *
11 140 2 0 1 12 *
25 140 2 0 1 13 *
5 140 2 0 1 14 *
3 140 2 0 1 15 *
17 140 2 0 2 1 *
18 140 2 0 2 2 *
19 141 2 0 2 3 *
20 140 2 0 2 4 *
21 140 2 0 2 5 *
5 140 2 0 2 6 *
22 142 2 0 2 7 *
23 140 2 0 2 8 *
8 140 2 0 2 9 *
9 140 2 0 2 10 *
24 140 2 0 2 11 *
11 140 2 0 2 12 *
25 140 2 0 2 13 *
5 140 2 0 2 14 *
17 140 2 0 3 1 *
18 140 2 0 3 2 *
19 141 2 0 3 3 *
20 140 2 0 3 4 *
21 140 2 0 3 5 *
5 140 2 0 3 6 *
22 142 2 0 3 7 *
23 140 2 0 3 8 *
8 140 2 0 3 9 *
9 140 2 0 3 10 *
24 140 2 0 3 11 *
11 140 2 0 3 12 *
25 140 2 0 3 13 *
5 140 2 0 3 14 *
17 140 2 0 4 1 *
18 140 2 0 4 2 *
19 141 2 0 4 3 *
20 140 2 0 4 4 *
21 140 2 0 4 5 *
5 140 2 0 4 6 *
22 142 2 0 4 7 *
23 140 2 0 4 8 *
8 140 2 0 4 9 *
9 140 2 0 4 10 *
24 140 2 0 4 11 *
11 140 2 0 4 12 *
25 140 2 0 4 13 *
5 140 2 0 4 14 *
17 140 2 0 5 1 *
18 140 2 0 5 2 *
19 141 2 0 5 3 *
20 140 2 0 5 4 *
21 140 2 0 5 5 *
5 140 2 0 5 6 *
22 142 2 0 5 7 *
23 140 2 0 5 8 *
8 140 2 0 5 9 *
9 140 2 0 5 10 *
24 140 2 0 5 11 *
11 140 2 0 5 12 *
25 140 2 0 5 13 *
5 140 2 0 5 14 *
17 140 2 0 6 1 *
18 140 2 0 6 2 *
19 141 2 0 6 3 *
20 140 2 0 6 4 *
21 140 2 0 6 5 *
5 140 2 0 6 6 *
22 142 2 0 6 7 *
23 140 2 0 6 8 *
8 140 2 0 6 9 *
9 140 2 0 6 10 *
24 140 2 0 6 11 *
11 140 2 0 6 12 *
25 140 2 0 6 13 *
5 140 2 0 6 14 *
17 140 2 0 7 1 *
18 140 2 0 7 2 *
19 141 2 0 7 3 *
20 140 2 0 7 4 *
21 140 2 0 7 5 *
5 140 2 0 7 6 *
22 142 2 0 7 7 *
23 140 2 0 7 8 *
8 140 2 0 7 9 *
9 140 2 0 7 10 *
24 140 2 0 7 11 *
11 140 2 0 7 12 *
25 140 2 0 7 13 *
5 140 2 0 7 14 *
17 140 2 0 8 1 *
18 140 2 0 8 2 *
19 141 2 0 8 3 *
20 140 2 0 8 4 *
21 140 2 0 8 5 *
5 140 2 0 8 6 *
22 142 2 0 8 7 *
23 140 2 0 8 8 *
8 140 2 0 8 9 *
9 140 2 0 8 10 *
24 140 2 0 8 11 *
11 140 2 0 8 12 *
25 140 2 0 8 13 *
5 140 2 0 8 14 *
17 140 2 0 9 1 *
18 140 2 0 9 2 *
19 141 2 0 9 3 *
20 140 2 0 9 4 *
21 140 2 0 9 5 *
5 140 2 0 9 6 *
22 142 2 0 9 7 *
23 140 2 0 9 8 *
8 140 2 0 9 9 *
9 140 2 0 9 10 *
24 140 2 0 9 11 *
11 140 2 0 9 12 *
25 140 2 0 9 13 *
5 140 2 0 9 14 *
17 140 2 0 10 1 *
18 140 2 0 10 2 *
19 141 2 0 10 3 *
20 140 2 0 10 4 *
21 140 2 0 10 5 *
5 140 2 0 10 6 *
22 142 2 0 10 7 *
23 140 2 0 10 8 *
8 140 2 0 10 9 *
9 140 2 0 10 10 *
24 140 2 0 10 11 *
11 140 2 0 10 12 *
25 140 2 0 10 13 *
5 140 2 0 10 14 *
17 140 2 0 11 1 *
18 140 2 0 11 2 *
14 141 2 0 11 3 *
20 140 2 0 11 4 *
84 140 2 0 11 5 *
5 140 2 0 11 6 *
22 142 2 0 11 7 *
23 140 2 0 11 8 *
8 140 2 0 11 9 *
9 140 2 0 11 10 *
24 140 2 0 11 11 *
11 140 2 0 11 12 *
25 140 2 0 11 13 *
5 140 2 0 11 14 *
17 140 2 0 12 1 *
18 140 2 0 12 2 *
19 141 2 0 12 3 *
20 140 2 0 12 4 *
21 140 2 0 12 5 *
5 140 2 0 12 6 *
22 142 2 0 12 7 *
23 140 2 0 12 8 *
8 140 2 0 12 9 *
9 140 2 0 12 10 *
24 140 2 0 12 11 *
11 140 2 0 12 12 *
25 140 2 0 12 13 *
5 140 2 0 12 14 *
17 140 2 0 13 1 *
18 140 2 0 13 2 *
19 141 2 0 13 3 *
20 140 2 0 13 4 *
21 140 2 0 13 5 *
5 140 2 0 13 6 *
22 142 2 0 13 7 *
23 140 2 0 13 8 *
8 140 2 0 13 9 *
9 140 2 0 13 10 *
24 140 2 0 13 11 *
11 140 2 0 13 12 *
25 140 2 0 13 13 *
17 140 2 0 14 1 *
18 140 2 0 14 2 *
80 141 2 0 14 3 *
20 140 2 0 14 4 *
3 140 2 0 14 5 *
5 140 2 0 14 6 *
22 142 2 0 14 7 *
23 140 2 0 14 8 *
8 140 2 0 14 9 *
9 140 2 0 14 10 *
24 140 2 0 14 11 *
11 140 2 0 14 12 *
25 140 2 0 14 13 *
5 140 2 0 14 14 *
17 140 2 0 15 1 *
18 140 2 0 15 2 *
80 141 2 0 15 3 *
20 140 2 0 15 4 *
3 140 2 0 15 5 *
5 140 2 0 15 6 *
22 142 2 0 15 7 *
23 140 2 0 15 8 *
8 140 2 0 15 9 *
9 140 2 0 15 10 *
24 140 2 0 15 11 *
11 140 2 0 15 12 *
25 140 2 0 15 13 *
5 140 2 0 15 14 *
17 140 2 0 16 1 *
18 140 2 0 16 2 *
28 141 2 0 16 3 *
20 140 2 0 16 4 *
3 140 2 0 16 5 *
5 140 2 0 16 6 *
30 142 2 0 16 7 *
23 140 2 0 16 8 *
8 140 2 0 16 9 *
9 140 2 0 16 10 *
24 140 2 0 16 11 *
11 140 2 0 16 12 *
25 140 2 0 16 13 *
5 140 2 0 16 14 *
31 140 2 0 16 15 *
32 140 2 0 16 16 *
3 140 2 0 16 17 *
17 140 2 0 17 1 *
18 140 2 0 17 2 *
17 141 2 0 17 3 *
20 140 2 0 17 4 *
3 140 2 0 17 5 *
5 140 2 0 17 6 *
195 142 2 0 17 7 *
23 140 2 0 17 8 *
8 140 2 0 17 9 *
9 140 2 0 17 10 *
24 140 2 0 17 11 *
11 140 2 0 17 12 *
25 140 2 0 17 13 *
5 140 2 0 17 14 *
31 140 2 0 17 15 *
196 140 2 0 17 16 *
3 140 2 0 17 17 *
17 140 2 0 31 1 *
111 140 2 0 31 2 *
14 141 2 0 31 3 *
20 140 2 0 31 4 *
23 140 2 0 31 5 *
9 140 2 0 31 6 *
24 140 2 0 31 7 *
11 140 2 0 31 8 *
1 174 3 0 18 1 *
2 174 3 0 18 2 *
3 174 3 0 18 3 *
4 174 3 0 18 4 *
5 174 3 0 18 5 *
6 174 3 0 18 6 *
7 174 3 0 18 7 *
8 174 3 0 18 8 *
9 174 3 0 18 9 *
10 174 3 0 18 10 *
11 174 3 0 18 11 *
12 174 3 0 18 12 *
12 174 3 0 18 13 *
5 174 3 0 18 14 *
9 174 3 0 18 15 *
13 174 3 0 18 16 *
14 174 3 0 18 17 *
15 174 3 0 18 18 *
16 174 3 0 18 19 *
3 174 3 0 18 20 *
1 174 3 0 19 1 *
2 174 3 0 19 2 *
3 174 3 0 19 3 *
4 174 3 0 19 4 *
5 174 3 0 19 5 *
6 174 3 0 19 6 *
7 174 3 0 19 7 *
8 174 3 0 19 8 *
9 174 3 0 19 9 *
10 174 3 0 19 10 *
11 174 3 0 19 11 *
12 174 3 0 19 12 *
12 174 3 0 19 13 *
5 174 3 0 19 14 *
9 174 3 0 19 15 *
13 174 3 0 19 16 *
14 174 3 0 19 17 *
15 174 3 0 19 18 *
16 174 3 0 19 19 *
3 174 3 0 19 20 *
1 174 3 0 20 1 *
2 174 3 0 20 2 *
3 174 3 0 20 3 *
4 174 3 0 20 4 *
5 174 3 0 20 5 *
6 174 3 0 20 6 *
7 174 3 0 20 7 *
8 174 3 0 20 8 *
9 174 3 0 20 9 *
10 174 3 0 20 10 *
11 174 3 0 20 11 *
12 174 3 0 20 12 *
12 174 3 0 20 13 *
5 174 3 0 20 14 *
9 174 3 0 20 15 *
13 174 3 0 20 16 *
14 174 3 0 20 17 *
15 174 3 0 20 18 *
16 174 3 0 20 19 *
3 174 3 0 20 20 *
82 175 3 0 21 1 *
58 176 3 0 21 2 *
3 176 3 0 21 3 *
59 176 3 0 21 4 *
60 176 3 0 21 5 *
5 176 3 0 21 6 *
61 176 3 0 21 7 *
62 176 3 0 21 8 *
60 176 3 0 21 9 *
9 176 3 0 21 10 *
63 176 3 0 21 11 *
64 176 3 0 21 12 *
65 176 3 0 21 13 *
16 176 3 0 21 14 *
5 176 3 0 21 15 *
66 176 3 0 21 16 *
29 176 3 0 21 17 *
60 176 3 0 21 18 *
5 176 3 0 21 19 *
67 176 3 0 21 20 *
68 176 3 0 21 21 *
60 176 3 0 21 22 *
9 176 3 0 21 23 *
69 176 3 0 21 24 *
64 176 3 0 21 25 *
70 176 3 0 21 26 *
60 176 3 0 21 27 *
71 176 3 0 21 28 *
72 176 3 0 21 29 *
60 176 3 0 21 30 *
9 176 3 0 21 31 *
73 176 3 0 21 32 *
74 176 3 0 21 33 *
82 175 3 0 23 1 *
58 176 3 0 23 2 *
3 176 3 0 23 3 *
197 176 3 0 23 4 *
115 176 3 0 23 5 *
60 176 3 0 23 6 *
5 176 3 0 23 7 *
61 176 3 0 23 8 *
73 176 3 0 23 9 *
62 176 3 0 23 10 *
60 176 3 0 23 11 *
9 176 3 0 23 12 *
63 176 3 0 23 13 *
64 176 3 0 23 14 *
65 176 3 0 23 15 *
16 176 3 0 23 16 *
5 176 3 0 23 17 *
66 176 3 0 23 18 *
29 176 3 0 23 19 *
60 176 3 0 23 20 *
5 176 3 0 23 21 *
67 176 3 0 23 22 *
68 176 3 0 23 23 *
60 176 3 0 23 24 *
9 176 3 0 23 25 *
69 176 3 0 23 26 *
64 176 3 0 23 27 *
70 176 3 0 23 28 *
60 176 3 0 23 29 *
71 176 3 0 23 30 *
72 176 3 0 23 31 *
60 176 3 0 23 32 *
9 176 3 0 23 33 *
73 176 3 0 23 34 *
74 176 3 0 23 35 *
82 175 3 0 22 1 *
58 176 3 0 22 2 *
3 176 3 0 22 3 *
59 176 3 0 22 4 *
115 176 3 0 22 5 *
60 176 3 0 22 6 *
5 176 3 0 22 7 *
61 176 3 0 22 8 *
62 176 3 0 22 9 *
60 176 3 0 22 10 *
9 176 3 0 22 11 *
63 176 3 0 22 12 *
64 176 3 0 22 13 *
65 176 3 0 22 14 *
16 176 3 0 22 15 *
5 176 3 0 22 16 *
66 176 3 0 22 17 *
29 176 3 0 22 18 *
60 176 3 0 22 19 *
5 176 3 0 22 20 *
67 176 3 0 22 21 *
68 176 3 0 22 22 *
60 176 3 0 22 23 *
9 176 3 0 22 24 *
69 176 3 0 22 25 *
64 176 3 0 22 26 *
70 176 3 0 22 27 *
60 176 3 0 22 28 *
71 176 3 0 22 29 *
72 176 3 0 22 30 *
60 176 3 0 22 31 *
9 176 3 0 22 32 *
73 176 3 0 22 33 *
74 176 3 0 22 34 *
198 177 3 0 24 1 *
199 177 3 0 24 2 *
200 177 3 0 24 3 *
17 178 4 0 25 1 *
58 178 4 0 25 2 *
3 178 4 0 25 3 *
169 178 4 0 25 4 *
201 178 4 0 25 5 *
60 178 4 0 25 6 *
5 178 4 0 25 7 *
62 178 4 0 25 8 *
60 178 4 0 25 9 *
9 178 4 0 25 10 *
171 178 4 0 25 11 *
64 178 4 0 25 12 *
65 178 4 0 25 13 *
66 178 4 0 25 14 *
29 178 4 0 25 15 *
60 178 4 0 25 16 *
5 178 4 0 25 17 *
67 178 4 0 25 18 *
68 178 4 0 25 19 *
60 178 4 0 25 20 *
9 178 4 0 25 21 *
69 178 4 0 25 22 *
64 178 4 0 25 23 *
70 178 4 0 25 24 *
60 178 4 0 25 25 *
71 178 4 0 25 26 *
72 179 4 0 25 27 *
60 178 4 0 25 28 *
9 178 4 0 25 29 *
73 178 4 0 25 30 *
74 178 4 0 25 31 *
17 86 5 0 19 1 *
2 86 5 0 19 2 *
3 86 5 0 19 3 *
4 86 5 0 19 4 *
5 86 5 0 19 5 *
6 86 5 0 19 6 *
7 86 5 0 19 7 *
8 86 5 0 19 8 *
9 86 5 0 19 9 *
56 86 5 0 19 10 *
11 86 5 0 19 11 *
12 86 5 0 19 12 *
12 86 5 0 19 13 *
5 86 5 0 19 14 *
9 86 5 0 19 15 *
17 86 5 0 19 16 *
14 86 5 0 19 17 *
15 86 5 0 19 18 *
16 86 5 0 19 19 *
3 86 5 0 19 20 *
57 86 5 0 21 1 *
58 86 5 0 21 2 *
3 86 5 0 21 3 *
59 86 5 0 21 4 *
60 86 5 0 21 5 *
5 86 5 0 21 6 *
61 86 5 0 21 7 *
62 86 5 0 21 8 *
60 86 5 0 21 9 *
9 86 5 0 21 10 *
63 86 5 0 21 11 *
64 86 5 0 21 12 *
65 86 5 0 21 13 *
16 86 5 0 21 14 *
5 86 5 0 21 15 *
66 86 5 0 21 16 *
29 86 5 0 21 17 *
60 86 5 0 21 18 *
5 86 5 0 21 19 *
67 86 5 0 21 20 *
68 86 5 0 21 21 *
60 86 5 0 21 22 *
9 86 5 0 21 23 *
69 86 5 0 21 24 *
64 86 5 0 21 25 *
70 86 5 0 21 26 *
60 86 5 0 21 27 *
71 86 5 0 21 28 *
72 86 5 0 21 29 *
60 86 5 0 21 30 *
9 86 5 0 21 31 *
73 86 5 0 21 32 *
74 86 5 0 21 33 *
57 86 5 0 23 1 *
58 86 5 0 23 2 *
3 86 5 0 23 3 *
197 86 5 0 23 4 *
115 86 5 0 23 5 *
60 86 5 0 23 6 *
5 86 5 0 23 7 *
61 86 5 0 23 8 *
73 86 5 0 23 9 *
62 86 5 0 23 10 *
60 86 5 0 23 11 *
9 86 5 0 23 12 *
63 86 5 0 23 13 *
64 86 5 0 23 14 *
65 86 5 0 23 15 *
16 86 5 0 23 16 *
5 86 5 0 23 17 *
66 86 5 0 23 18 *
29 86 5 0 23 19 *
60 86 5 0 23 20 *
5 86 5 0 23 21 *
67 86 5 0 23 22 *
68 86 5 0 23 23 *
60 86 5 0 23 24 *
9 86 5 0 23 25 *
69 86 5 0 23 26 *
64 86 5 0 23 27 *
70 86 5 0 23 28 *
60 86 5 0 23 29 *
71 86 5 0 23 30 *
72 86 5 0 23 31 *
60 86 5 0 23 32 *
9 86 5 0 23 33 *
73 86 5 0 23 34 *
74 86 5 0 23 35 *
57 86 5 0 22 1 *
58 86 5 0 22 2 *
3 86 5 0 22 3 *
59 86 5 0 22 4 *
115 86 5 0 22 5 *
60 86 5 0 22 6 *
5 86 5 0 22 7 *
61 86 5 0 22 8 *
62 86 5 0 22 9 *
60 86 5 0 22 10 *
9 86 5 0 22 11 *
63 86 5 0 22 12 *
64 86 5 0 22 13 *
65 86 5 0 22 14 *
16 86 5 0 22 15 *
5 86 5 0 22 16 *
66 86 5 0 22 17 *
29 86 5 0 22 18 *
60 86 5 0 22 19 *
5 86 5 0 22 20 *
67 86 5 0 22 21 *
68 86 5 0 22 22 *
60 86 5 0 22 23 *
9 86 5 0 22 24 *
69 86 5 0 22 25 *
64 86 5 0 22 26 *
70 86 5 0 22 27 *
60 86 5 0 22 28 *
71 86 5 0 22 29 *
72 86 5 0 22 30 *
60 86 5 0 22 31 *
9 86 5 0 22 32 *
73 86 5 0 22 33 *
74 86 5 0 22 34 *
168 86 5 0 25 1 *
58 86 5 0 25 2 *
3 86 5 0 25 3 *
169 86 5 0 25 4 *
170 86 5 0 25 5 *
60 86 5 0 25 6 *
5 86 5 0 25 7 *
62 86 5 0 25 8 *
60 86 5 0 25 9 *
9 86 5 0 25 10 *
171 86 5 0 25 11 *
64 86 5 0 25 12 *
65 86 5 0 25 13 *
66 86 5 0 25 14 *
29 86 5 0 25 15 *
60 86 5 0 25 16 *
5 86 5 0 25 17 *
67 86 5 0 25 18 *
68 86 5 0 25 19 *
60 86 5 0 25 20 *
9 86 5 0 25 21 *
69 86 5 0 25 22 *
64 86 5 0 25 23 *
70 86 5 0 25 24 *
60 86 5 0 25 25 *
71 86 5 0 25 26 *
72 86 5 0 25 27 *
60 86 5 0 25 28 *
9 86 5 0 25 29 *
73 86 5 0 25 30 *
74 86 5 0 25 31 *
17 86 5 0 26 1 *
172 86 5 0 26 2 *
17 86 5 0 27 1 *
179 86 5 0 27 2 *
5 86 5 0 27 3 *
180 86 5 0 27 4 *
4 86 5 0 27 5 *
181 86 5 0 27 6 *
9 86 5 0 27 7 *
182 86 5 0 27 8 *
8 86 5 0 27 9 *
183 86 5 0 27 10 *
184 86 5 0 27 11 *
185 86 5 0 27 12 *
5 86 5 0 27 13 *
12 86 5 0 27 14 *
17 180 5 0 28 1 *
202 180 5 0 28 2 *
5 180 5 0 28 3 *
60 180 5 0 28 4 *
60 180 5 0 28 5 *
71 180 5 0 28 6 *
17 86 5 0 29 1 *
173 86 5 0 29 2 *
73 86 5 0 29 3 *
174 86 5 0 29 4 *
166 86 5 0 29 5 *
175 86 5 0 30 1 *
176 86 5 0 30 2 *
177 86 5 0 30 3 *
178 86 5 0 30 4 *
17 6 6 0 0 0 *
203 49 6 1 0 0 *
204 181 6 2 0 0 *
205 182 6 3 0 0 *
206 183 6 4 0 0 *
205 184 6 5 0 0 *
205 185 6 6 0 0 *
132 103 6 7 0 0 *
77 6 6 8 0 0 *
76 6 6 9 0 0 *
207 91 6 10 0 0 *
17 55 7 0 0 0 *
85 54 7 1 0 0 *
16 55 7 2 0 0 *
208 55 7 3 0 0 *
209 186 8 0 0 0 *
209 186 8 1 0 0 *
209 186 8 2 0 0 *
209 186 8 3 0 0 *
209 186 8 4 0 0 *
209 186 8 5 0 0 *
209 186 8 6 0 0 *
209 186 8 7 0 0 *
209 186 8 8 0 0 *
17 86 9 0 0 0 *
138 187 9 1 0 0 *
210 125 9 2 0 0 *
42 86 9 3 0 0 *
52 86 9 4 0 0 *
39 188 10 0 0 0 *
16 55 11 0 0 0 *
211 75 12 0 0 0 *
17 189 13 0 0 0 *
212 66 13 1 0 0 *
213 189 13 2 0 0 *
214 189 13 3 0 0 *
215 189 13 4 0 0 *
17 86 14 0 0 0 *
85 86 14 1 0 0 *
85 7 14 2 0 0 *
123 45 14 3 0 0 *
27 86 14 4 0 0 *
82 86 14 5 21 1 *
58 86 14 5 21 2 *
3 86 14 5 21 3 *
59 86 14 5 21 4 *
60 86 14 5 21 5 *
5 86 14 5 21 6 *
61 86 14 5 21 7 *
62 86 14 5 21 8 *
60 86 14 5 21 9 *
9 86 14 5 21 10 *
63 86 14 5 21 11 *
64 86 14 5 21 12 *
65 86 14 5 21 13 *
16 86 14 5 21 14 *
5 86 14 5 21 15 *
66 86 14 5 21 16 *
29 86 14 5 21 17 *
60 86 14 5 21 18 *
5 86 14 5 21 19 *
67 86 14 5 21 20 *
68 86 14 5 21 21 *
60 86 14 5 21 22 *
9 86 14 5 21 23 *
69 86 14 5 21 24 *
64 86 14 5 21 25 *
70 86 14 5 21 26 *
60 86 14 5 21 27 *
71 86 14 5 21 28 *
72 86 14 5 21 29 *
60 86 14 5 21 30 *
9 86 14 5 21 31 *
73 86 14 5 21 32 *
74 86 14 5 21 33 *
82 86 14 5 22 1 *
58 86 14 5 22 2 *
3 86 14 5 22 3 *
59 86 14 5 22 4 *
115 86 14 5 22 5 *
60 86 14 5 22 6 *
5 86 14 5 22 7 *
61 86 14 5 22 8 *
62 86 14 5 22 9 *
60 86 14 5 22 10 *
9 86 14 5 22 11 *
63 86 14 5 22 12 *
64 86 14 5 22 13 *
65 86 14 5 22 14 *
16 86 14 5 22 15 *
5 86 14 5 22 16 *
66 86 14 5 22 17 *
29 86 14 5 22 18 *
60 86 14 5 22 19 *
5 86 14 5 22 20 *
67 86 14 5 22 21 *
68 86 14 5 22 22 *
60 86 14 5 22 23 *
9 86 14 5 22 24 *
69 86 14 5 22 25 *
64 86 14 5 22 26 *
70 86 14 5 22 27 *
60 86 14 5 22 28 *
71 86 14 5 22 29 *
72 86 14 5 22 30 *
60 86 14 5 22 31 *
9 86 14 5 22 32 *
73 86 14 5 22 33 *
74 86 14 5 22 34 *
113 86 14 5 18 1 *
2 86 14 5 18 2 *
3 86 14 5 18 3 *
4 86 14 5 18 4 *
5 86 14 5 18 5 *
6 86 14 5 18 6 *
7 86 14 5 18 7 *
8 86 14 5 18 8 *
9 86 14 5 18 9 *
56 86 14 5 18 10 *
11 86 14 5 18 11 *
12 86 14 5 18 12 *
12 86 14 5 18 13 *
5 86 14 5 18 14 *
9 86 14 5 18 15 *
17 86 14 5 18 16 *
14 86 14 5 18 17 *
15 86 14 5 18 18 *
16 86 14 5 18 19 *
3 86 14 5 18 20 *
82 190 14 6 21 1 *
58 190 14 6 21 2 *
3 190 14 6 21 3 *
59 190 14 6 21 4 *
60 190 14 6 21 5 *
5 190 14 6 21 6 *
61 190 14 6 21 7 *
62 190 14 6 21 8 *
60 190 14 6 21 9 *
9 190 14 6 21 10 *
63 190 14 6 21 11 *
64 190 14 6 21 12 *
65 190 14 6 21 13 *
16 190 14 6 21 14 *
5 190 14 6 21 15 *
66 190 14 6 21 16 *
29 190 14 6 21 17 *
60 190 14 6 21 18 *
5 190 14 6 21 19 *
67 190 14 6 21 20 *
68 190 14 6 21 21 *
60 190 14 6 21 22 *
9 190 14 6 21 23 *
69 190 14 6 21 24 *
64 190 14 6 21 25 *
70 190 14 6 21 26 *
60 190 14 6 21 27 *
71 190 14 6 21 28 *
72 190 14 6 21 29 *
60 190 14 6 21 30 *
9 190 14 6 21 31 *
73 190 14 6 21 32 *
74 190 14 6 21 33 *
82 190 14 6 22 1 *
58 190 14 6 22 2 *
3 190 14 6 22 3 *
59 190 14 6 22 4 *
115 190 14 6 22 5 *
60 190 14 6 22 6 *
5 190 14 6 22 7 *
61 190 14 6 22 8 *
62 190 14 6 22 9 *
60 190 14 6 22 10 *
9 190 14 6 22 11 *
63 190 14 6 22 12 *
64 190 14 6 22 13 *
65 190 14 6 22 14 *
16 190 14 6 22 15 *
5 190 14 6 22 16 *
66 190 14 6 22 17 *
29 190 14 6 22 18 *
60 190 14 6 22 19 *
5 190 14 6 22 20 *
67 190 14 6 22 21 *
68 190 14 6 22 22 *
60 190 14 6 22 23 *
9 190 14 6 22 24 *
69 190 14 6 22 25 *
64 190 14 6 22 26 *
70 190 14 6 22 27 *
60 190 14 6 22 28 *
71 190 14 6 22 29 *
72 190 14 6 22 30 *
60 190 14 6 22 31 *
9 190 14 6 22 32 *
73 190 14 6 22 33 *
74 190 14 6 22 34 *
113 190 14 6 18 1 *
2 190 14 6 18 2 *
3 190 14 6 18 3 *
4 190 14 6 18 4 *
5 190 14 6 18 5 *
6 190 14 6 18 6 *
7 190 14 6 18 7 *
8 190 14 6 18 8 *
9 190 14 6 18 9 *
56 190 14 6 18 10 *
11 190 14 6 18 11 *
12 190 14 6 18 12 *
12 190 14 6 18 13 *
5 190 14 6 18 14 *
9 190 14 6 18 15 *
17 190 14 6 18 16 *
14 190 14 6 18 17 *
15 190 14 6 18 18 *
16 190 14 6 18 19 *
3 190 14 6 18 20 *
17 86 14 7 1 1 *
18 86 14 7 1 2 *
80 86 14 7 1 3 *
20 86 14 7 1 4 *
3 86 14 7 1 5 *
5 86 14 7 1 6 *
81 86 14 7 1 7 *
106 86 14 7 1 8 *
8 86 14 7 1 9 *
9 86 14 7 1 10 *
24 86 14 7 1 11 *
11 86 14 7 1 12 *
25 86 14 7 1 13 *
5 86 14 7 1 14 *
3 86 14 7 1 15 *
17 86 14 7 2 1 *
18 86 14 7 2 2 *
107 86 14 7 2 3 *
20 86 14 7 2 4 *
21 86 14 7 2 5 *
5 86 14 7 2 6 *
22 86 14 7 2 7 *
106 86 14 7 2 8 *
8 86 14 7 2 9 *
9 86 14 7 2 10 *
24 86 14 7 2 11 *
11 86 14 7 2 12 *
25 86 14 7 2 13 *
5 86 14 7 2 14 *
17 86 14 7 3 1 *
18 86 14 7 3 2 *
107 86 14 7 3 3 *
20 86 14 7 3 4 *
21 86 14 7 3 5 *
5 86 14 7 3 6 *
22 86 14 7 3 7 *
106 86 14 7 3 8 *
8 86 14 7 3 9 *
9 86 14 7 3 10 *
24 86 14 7 3 11 *
11 86 14 7 3 12 *
25 86 14 7 3 13 *
5 86 14 7 3 14 *
17 86 14 7 5 1 *
18 86 14 7 5 2 *
107 86 14 7 5 3 *
20 86 14 7 5 4 *
21 86 14 7 5 5 *
5 86 14 7 5 6 *
22 86 14 7 5 7 *
106 86 14 7 5 8 *
8 86 14 7 5 9 *
9 86 14 7 5 10 *
24 86 14 7 5 11 *
11 86 14 7 5 12 *
25 86 14 7 5 13 *
5 86 14 7 5 14 *
17 86 14 7 9 1 *
18 86 14 7 9 2 *
14 86 14 7 9 3 *
20 86 14 7 9 4 *
21 86 14 7 9 5 *
5 86 14 7 9 6 *
22 86 14 7 9 7 *
106 86 14 7 9 8 *
8 86 14 7 9 9 *
9 86 14 7 9 10 *
24 86 14 7 9 11 *
11 86 14 7 9 12 *
25 86 14 7 9 13 *
5 86 14 7 9 14 *
17 86 14 7 10 1 *
18 86 14 7 10 2 *
107 86 14 7 10 3 *
20 86 14 7 10 4 *
21 86 14 7 10 5 *
5 86 14 7 10 6 *
22 86 14 7 10 7 *
106 86 14 7 10 8 *
8 86 14 7 10 9 *
9 86 14 7 10 10 *
24 86 14 7 10 11 *
11 86 14 7 10 12 *
25 86 14 7 10 13 *
5 86 14 7 10 14 *
17 86 14 7 11 1 *
18 86 14 7 11 2 *
108 86 14 7 11 3 *
20 86 14 7 11 4 *
84 86 14 7 11 5 *
5 86 14 7 11 6 *
22 86 14 7 11 7 *
106 86 14 7 11 8 *
8 86 14 7 11 9 *
9 86 14 7 11 10 *
24 86 14 7 11 11 *
11 86 14 7 11 12 *
25 86 14 7 11 13 *
5 86 14 7 11 14 *
17 86 14 7 12 1 *
18 86 14 7 12 2 *
107 86 14 7 12 3 *
20 86 14 7 12 4 *
21 86 14 7 12 5 *
5 86 14 7 12 6 *
22 86 14 7 12 7 *
106 86 14 7 12 8 *
8 86 14 7 12 9 *
9 86 14 7 12 10 *
24 86 14 7 12 11 *
11 86 14 7 12 12 *
25 86 14 7 12 13 *
5 86 14 7 12 14 *
17 86 14 7 14 1 *
18 86 14 7 14 2 *
80 86 14 7 14 3 *
20 86 14 7 14 4 *
3 86 14 7 14 5 *
5 86 14 7 14 6 *
22 86 14 7 14 7 *
106 86 14 7 14 8 *
8 86 14 7 14 9 *
9 86 14 7 14 10 *
24 86 14 7 14 11 *
11 86 14 7 14 12 *
25 86 14 7 14 13 *
5 86 14 7 14 14 *
17 86 14 7 15 1 *
18 86 14 7 15 2 *
80 86 14 7 15 3 *
20 86 14 7 15 4 *
3 86 14 7 15 5 *
5 86 14 7 15 6 *
22 86 14 7 15 7 *
106 86 14 7 15 8 *
8 86 14 7 15 9 *
9 86 14 7 15 10 *
24 86 14 7 15 11 *
11 86 14 7 15 12 *
25 86 14 7 15 13 *
5 86 14 7 15 14 *
17 86 14 7 16 1 *
18 86 14 7 16 2 *
28 86 14 7 16 3 *
20 86 14 7 16 4 *
3 86 14 7 16 5 *
5 86 14 7 16 6 *
109 86 14 7 16 7 *
106 86 14 7 16 8 *
8 86 14 7 16 9 *
9 86 14 7 16 10 *
24 86 14 7 16 11 *
11 86 14 7 16 12 *
25 86 14 7 16 13 *
5 86 14 7 16 14 *
31 86 14 7 16 15 *
14 86 14 7 16 16 *
3 86 14 7 16 17 *
17 86 14 7 31 1 *
111 86 14 7 31 2 *
14 86 14 7 31 3 *
20 86 14 7 31 4 *
106 86 14 7 31 5 *
9 86 14 7 31 6 *
24 86 14 7 31 7 *
11 86 14 7 31 8 *
17 86 14 7 32 1 *
18 86 14 7 32 2 *
112 86 14 7 32 3 *
5 86 14 7 32 4 *
106 86 14 7 32 5 *
8 86 14 7 32 6 *
9 86 14 7 32 7 *
24 86 14 7 32 8 *
11 86 14 7 32 9 *
17 86 14 7 33 1 *
18 86 14 7 33 2 *
112 86 14 7 33 3 *
5 86 14 7 33 4 *
106 86 14 7 33 5 *
8 86 14 7 33 6 *
9 86 14 7 33 7 *
24 86 14 7 33 8 *
11 86 14 7 33 9 *
216 191 15 0 0 0 *
216 191 15 1 0 0 *
216 191 15 2 0 0 *
216 191 15 3 0 0 *
